# νp-process parameterized wind trajectory
# Ye = 0.600000
# t_launch = 1.000 s
# T0 = 10.0 GK, rho0 = 100000000.0 g/cm3, r0 = 2000000.0 cm
# Columns: time[s]  T[GK]  rho[g/cm3]  r[cm]
1.000000e+00  1.000000e+01  1.000000e+08  2.000000e+06
1.017238e+00  9.886704e+00  9.500180e+07  5.447668e+06
1.034774e+00  9.774691e+00  9.025342e+07  8.954767e+06
1.052612e+00  9.663947e+00  8.574238e+07  1.252232e+07
1.070757e+00  9.554459e+00  8.145680e+07  1.615138e+07
1.089215e+00  9.446210e+00  7.738543e+07  1.984299e+07
1.107991e+00  9.339188e+00  7.351755e+07  2.359824e+07
1.127091e+00  9.233379e+00  6.984300e+07  2.741823e+07
1.146520e+00  9.128768e+00  6.635211e+07  3.130407e+07
1.166284e+00  9.025342e+00  6.303570e+07  3.525689e+07
1.186389e+00  8.923089e+00  5.988505e+07  3.927785e+07
1.206841e+00  8.821993e+00  5.689187e+07  4.336812e+07
1.227645e+00  8.722043e+00  5.404831e+07  4.752891e+07
1.248807e+00  8.623226e+00  5.134686e+07  5.176142e+07
1.270334e+00  8.525528e+00  4.878045e+07  5.606689e+07
1.292233e+00  8.428937e+00  4.634230e+07  6.044658e+07
1.314509e+00  8.333440e+00  4.402602e+07  6.490177e+07
1.337169e+00  8.239025e+00  4.182551e+07  6.943376e+07
1.360219e+00  8.145680e+00  3.973499e+07  7.404388e+07
1.383667e+00  8.053393e+00  3.774896e+07  7.873346e+07
1.407519e+00  7.962151e+00  3.586219e+07  8.350389e+07
1.431783e+00  7.871943e+00  3.406973e+07  8.835654e+07
1.456464e+00  7.782756e+00  3.236685e+07  9.329286e+07
1.481571e+00  7.694581e+00  3.074909e+07  9.831426e+07
1.507111e+00  7.607404e+00  2.921219e+07  1.034222e+08
1.533091e+00  7.521215e+00  2.775211e+07  1.086182e+08
1.559519e+00  7.436002e+00  2.636500e+07  1.139038e+08
1.586403e+00  7.351755e+00  2.504723e+07  1.192805e+08
1.613750e+00  7.268463e+00  2.379532e+07  1.247499e+08
1.641568e+00  7.186114e+00  2.260598e+07  1.303136e+08
1.669866e+00  7.104698e+00  2.147609e+07  1.359732e+08
1.698652e+00  7.024204e+00  2.040267e+07  1.417303e+08
1.727934e+00  6.944622e+00  1.938291e+07  1.475867e+08
1.757720e+00  6.865943e+00  1.841411e+07  1.535440e+08
1.788020e+00  6.788154e+00  1.749374e+07  1.596041e+08
1.818843e+00  6.711247e+00  1.661936e+07  1.657686e+08
1.850197e+00  6.635211e+00  1.578870e+07  1.720394e+08
1.882091e+00  6.560036e+00  1.499955e+07  1.784182e+08
1.914535e+00  6.485714e+00  1.424984e+07  1.849070e+08
1.947539e+00  6.412233e+00  1.353760e+07  1.915077e+08
1.981111e+00  6.339585e+00  1.286097e+07  1.982222e+08
2.015262e+00  6.267759e+00  1.221815e+07  2.050524e+08
2.050002e+00  6.196748e+00  1.160746e+07  2.120004e+08
2.085340e+00  6.126541e+00  1.102730e+07  2.190681e+08
2.121288e+00  6.057130e+00  1.047613e+07  2.262576e+08
2.157856e+00  5.988505e+00  9.952514e+06  2.335711e+08
2.195054e+00  5.920657e+00  9.455068e+06  2.410107e+08
2.232893e+00  5.853578e+00  8.982485e+06  2.485785e+08
2.271384e+00  5.787260e+00  8.533523e+06  2.562768e+08
2.310539e+00  5.721692e+00  8.107000e+06  2.641078e+08
2.350369e+00  5.656867e+00  7.701796e+06  2.720737e+08
2.390885e+00  5.592777e+00  7.316845e+06  2.801770e+08
2.432100e+00  5.529413e+00  6.951135e+06  2.884200e+08
2.474025e+00  5.466767e+00  6.603703e+06  2.968051e+08
2.516673e+00  5.404831e+00  6.273637e+06  3.053347e+08
2.560057e+00  5.343596e+00  5.960068e+06  3.140114e+08
2.604188e+00  5.283055e+00  5.662172e+06  3.228376e+08
2.649080e+00  5.223200e+00  5.379165e+06  3.318159e+08
2.694745e+00  5.164023e+00  5.110304e+06  3.409491e+08
2.741198e+00  5.105517e+00  4.854881e+06  3.502397e+08
2.788452e+00  5.047673e+00  4.612224e+06  3.596904e+08
2.836520e+00  4.990485e+00  4.381696e+06  3.693041e+08
2.885417e+00  4.933944e+00  4.162690e+06  3.790835e+08
2.935157e+00  4.878045e+00  3.954631e+06  3.890314e+08
2.985754e+00  4.822778e+00  3.756970e+06  3.991509e+08
3.037224e+00  4.768138e+00  3.569190e+06  4.094448e+08
3.089580e+00  4.714117e+00  3.390794e+06  4.199161e+08
3.142840e+00  4.660707e+00  3.221316e+06  4.305679e+08
3.197017e+00  4.607903e+00  3.060308e+06  4.414034e+08
3.252128e+00  4.555698e+00  2.907348e+06  4.524257e+08
3.308190e+00  4.504083e+00  2.762033e+06  4.636379e+08
3.365217e+00  4.453054e+00  2.623981e+06  4.750435e+08
3.423228e+00  4.402602e+00  2.492829e+06  4.866456e+08
3.482239e+00  4.352722e+00  2.368233e+06  4.984478e+08
3.542267e+00  4.303408e+00  2.249864e+06  5.104534e+08
3.603330e+00  4.254652e+00  2.137411e+06  5.226659e+08
3.665445e+00  4.206448e+00  2.030579e+06  5.350890e+08
3.728631e+00  4.158791e+00  1.929087e+06  5.477262e+08
3.792907e+00  4.111673e+00  1.832667e+06  5.605813e+08
3.858290e+00  4.065089e+00  1.741067e+06  5.736580e+08
3.924801e+00  4.019033e+00  1.654045e+06  5.869601e+08
3.992458e+00  3.973499e+00  1.571372e+06  6.004915e+08
4.061281e+00  3.928481e+00  1.492832e+06  6.142562e+08
4.131291e+00  3.883973e+00  1.418217e+06  6.282581e+08
4.202507e+00  3.839969e+00  1.347332e+06  6.425014e+08
4.274951e+00  3.796463e+00  1.279990e+06  6.569903e+08
4.348645e+00  3.753451e+00  1.216013e+06  6.717289e+08
4.423608e+00  3.710926e+00  1.155234e+06  6.867216e+08
4.499864e+00  3.668882e+00  1.097493e+06  7.019727e+08
4.577434e+00  3.627315e+00  1.042639e+06  7.174868e+08
4.656341e+00  3.586219e+00  9.905254e+05  7.332682e+08
4.736609e+00  3.545588e+00  9.410170e+05  7.493217e+08
4.818260e+00  3.505418e+00  8.939831e+05  7.656520e+08
4.901319e+00  3.465703e+00  8.493001e+05  7.822638e+08
4.985809e+00  3.426438e+00  8.068504e+05  7.991619e+08
5.071756e+00  3.387618e+00  7.665224e+05  8.163513e+08
5.159185e+00  3.349237e+00  7.282101e+05  8.338370e+08
5.248121e+00  3.311292e+00  6.918127e+05  8.516242e+08
5.338590e+00  3.273776e+00  6.572345e+05  8.697179e+08
5.430618e+00  3.236685e+00  6.243846e+05  8.881236e+08
5.524233e+00  3.200015e+00  5.931766e+05  9.068466e+08
5.619462e+00  3.163760e+00  5.635285e+05  9.258923e+08
5.716332e+00  3.127916e+00  5.353622e+05  9.452664e+08
5.814872e+00  3.092478e+00  5.086038e+05  9.649744e+08
5.915111e+00  3.057441e+00  4.831827e+05  9.850221e+08
6.017077e+00  3.022801e+00  4.590323e+05  1.005415e+09
6.120802e+00  2.988554e+00  4.360889e+05  1.026160e+09
6.226314e+00  2.954695e+00  4.142924e+05  1.047263e+09
6.333645e+00  2.921219e+00  3.935852e+05  1.068729e+09
6.442827e+00  2.888123e+00  3.739130e+05  1.090565e+09
6.553891e+00  2.855402e+00  3.552241e+05  1.112778e+09
6.666869e+00  2.823051e+00  3.374693e+05  1.135374e+09
6.781794e+00  2.791067e+00  3.206019e+05  1.158359e+09
6.898701e+00  2.759445e+00  3.045776e+05  1.181740e+09
7.017624e+00  2.728182e+00  2.893542e+05  1.205525e+09
7.138596e+00  2.697272e+00  2.748917e+05  1.229719e+09
7.261653e+00  2.666713e+00  2.611521e+05  1.254331e+09
7.386832e+00  2.636500e+00  2.480992e+05  1.279366e+09
7.514169e+00  2.606630e+00  2.356987e+05  1.304834e+09
7.643701e+00  2.577098e+00  2.239180e+05  1.330740e+09
7.775465e+00  2.547900e+00  2.127261e+05  1.357093e+09
7.909501e+00  2.519033e+00  2.020937e+05  1.383900e+09
8.045848e+00  2.490494e+00  1.919926e+05  1.411170e+09
8.184545e+00  2.462277e+00  1.823964e+05  1.438909e+09
8.325633e+00  2.434381e+00  1.732799e+05  1.467127e+09
8.469153e+00  2.406800e+00  1.646190e+05  1.495831e+09
8.615147e+00  2.379532e+00  1.563910e+05  1.525029e+09
8.763658e+00  2.352573e+00  1.485743e+05  1.554732e+09
8.914729e+00  2.325919e+00  1.411483e+05  1.584946e+09
9.068404e+00  2.299567e+00  1.340934e+05  1.615681e+09
9.224728e+00  2.273514e+00  1.273911e+05  1.646946e+09
9.383747e+00  2.247756e+00  1.210239e+05  1.678749e+09
9.545508e+00  2.222290e+00  1.149749e+05  1.711102e+09
9.710056e+00  2.197112e+00  1.092282e+05  1.744011e+09
9.877441e+00  2.172219e+00  1.037688e+05  1.777488e+09
1.004771e+01  2.147609e+00  9.858219e+04  1.811542e+09
1.022092e+01  2.123277e+00  9.365485e+04  1.846184e+09
1.039711e+01  2.099221e+00  8.897380e+04  1.881422e+09
1.057634e+01  2.075438e+00  8.452671e+04  1.917268e+09
1.075866e+01  2.051924e+00  8.030190e+04  1.953731e+09
1.094412e+01  2.028677e+00  7.628825e+04  1.990824e+09
1.113278e+01  2.005692e+00  7.247521e+04  2.028555e+09
1.132469e+01  1.982969e+00  6.885276e+04  2.066937e+09
1.151991e+01  1.960502e+00  6.541136e+04  2.105981e+09
1.171849e+01  1.938291e+00  6.214197e+04  2.145698e+09
1.192050e+01  1.916331e+00  5.903599e+04  2.186100e+09
1.212599e+01  1.894619e+00  5.608525e+04  2.227197e+09
1.233502e+01  1.873154e+00  5.328200e+04  2.269004e+09
1.254765e+01  1.851932e+00  5.061886e+04  2.311531e+09
1.276395e+01  1.830950e+00  4.808883e+04  2.354791e+09
1.298398e+01  1.810206e+00  4.568526e+04  2.398797e+09
1.320781e+01  1.789697e+00  4.340182e+04  2.443561e+09
1.343549e+01  1.769420e+00  4.123251e+04  2.489097e+09
1.366709e+01  1.749374e+00  3.917162e+04  2.535419e+09
1.390269e+01  1.729554e+00  3.721375e+04  2.582538e+09
1.414235e+01  1.709959e+00  3.535373e+04  2.630470e+09
1.438614e+01  1.690585e+00  3.358668e+04  2.679228e+09
1.463413e+01  1.671432e+00  3.190795e+04  2.728827e+09
1.488640e+01  1.652495e+00  3.031313e+04  2.779280e+09
1.514302e+01  1.633773e+00  2.879802e+04  2.830604e+09
1.540406e+01  1.615263e+00  2.735864e+04  2.882812e+09
1.566960e+01  1.596963e+00  2.599120e+04  2.935920e+09
1.593972e+01  1.578870e+00  2.469211e+04  2.989943e+09
1.621449e+01  1.560982e+00  2.345795e+04  3.044898e+09
1.649400e+01  1.543296e+00  2.228547e+04  3.100801e+09
1.677833e+01  1.525811e+00  2.117160e+04  3.157666e+09
1.706756e+01  1.508524e+00  2.011340e+04  3.215512e+09
1.736178e+01  1.491433e+00  1.910809e+04  3.274356e+09
1.766107e+01  1.474536e+00  1.815303e+04  3.334213e+09
1.796551e+01  1.457830e+00  1.724571e+04  3.395103e+09
1.827521e+01  1.441313e+00  1.638373e+04  3.457042e+09
1.859024e+01  1.424984e+00  1.556484e+04  3.520049e+09
1.891071e+01  1.408839e+00  1.478688e+04  3.584142e+09
1.923670e+01  1.392878e+00  1.404780e+04  3.649340e+09
1.956831e+01  1.377097e+00  1.334567e+04  3.715661e+09
1.990563e+01  1.361495e+00  1.267862e+04  3.783126e+09
2.024877e+01  1.346070e+00  1.204492e+04  3.851754e+09
2.059783e+01  1.330819e+00  1.144289e+04  3.921566e+09
2.095290e+01  1.315742e+00  1.087095e+04  3.992580e+09
2.131409e+01  1.300835e+00  1.032760e+04  4.064819e+09
2.168151e+01  1.286097e+00  9.811406e+03  4.138303e+09
2.205527e+01  1.271526e+00  9.321013e+03  4.213053e+09
2.243546e+01  1.257120e+00  8.855130e+03  4.289092e+09
2.282221e+01  1.242877e+00  8.412533e+03  4.366442e+09
2.321563e+01  1.228796e+00  7.992058e+03  4.445126e+09
2.361583e+01  1.214874e+00  7.592599e+03  4.525166e+09
2.402293e+01  1.201110e+00  7.213106e+03  4.606585e+09
2.443704e+01  1.187502e+00  6.852581e+03  4.689408e+09
2.485829e+01  1.174048e+00  6.510075e+03  4.773659e+09
2.528681e+01  1.160746e+00  6.184689e+03  4.859362e+09
2.572271e+01  1.147595e+00  5.875566e+03  4.946543e+09
2.616613e+01  1.134594e+00  5.581893e+03  5.035226e+09
2.661719e+01  1.121739e+00  5.302899e+03  5.125438e+09
2.707603e+01  1.109030e+00  5.037850e+03  5.217205e+09
2.754277e+01  1.096465e+00  4.786048e+03  5.310555e+09
2.801756e+01  1.084043e+00  4.546832e+03  5.405513e+09
2.850054e+01  1.071761e+00  4.319572e+03  5.502108e+09
2.899184e+01  1.059618e+00  4.103671e+03  5.600368e+09
2.949161e+01  1.047613e+00  3.898562e+03  5.700323e+09
3.000000e+01  1.035744e+00  3.703704e+03  5.802000e+09
