# where T1/2 is the beta-decay half-life in seconds
# from http://t2.lanl.gov/nis/data/astro/molnix96/tbeta.html
# direct link: http://t2.lanl.gov/nis/data/astro/molnix96/bethlp.dat
#   Z    N T1/2
    9    8 7.60000E+02
    9    9 1.37425E+04
   10    8 3.15412E+02
   10    9 3.28975E+01
   11    8 1.54427E-01
   11    9 9.10662E-02
   11   10 7.44654E+01
   11   11 6.55995E+02
   12    8 3.84488E-01
   12    9 3.22954E-02
   12   10 1.16748E+02
   12   11 3.24295E+01
   13    8 3.45304E-02
   13    9 2.02195E-02
   13   10 1.14767E-01
   13   11 1.89324E-01
   13   12 2.27100E+01
   13   13 5.80181E+01
   14    8 5.04739E-02
   14    9 1.16103E-02
   14   10 2.59871E-01
   14   11 3.89490E-02
   14   12 3.55210E+01
   14   13 1.47436E+01
   15    8 8.72076E-03
   15    9 7.37145E-03
   15   10 2.43059E-02
   15   11 7.70174E-03
   15   12 1.12184E-01
   15   13 1.14715E-01
   15   14 8.62285E+00
   15   15 1.84209E+01
   16    8 6.18097E-03
   16    9 4.87501E-03
   16   10 3.43711E-02
   16   11 1.04623E-02
   16   12 2.14388E-01
   16   13 3.67534E-02
   16   14 7.28168E+00
   16   15 3.68055E+00
   17    8 1.14701E-03
   17    9 1.25814E-03
   17   10 2.39196E-03
   17   11 1.74337E-03
   17   12 1.10539E-02
   17   13 3.26092E-02
   17   14 1.47634E-01
   17   15 3.95697E-01
   17   16 1.41797E+01
   17   17 2.77276E+02
   17   19 8.10736E+05
   18    9 1.70079E-03
   18   10 1.43470E-02
   18   11 4.05484E-03
   18   12 4.02813E-02
   18   13 1.06303E-02
   18   14 2.03402E-01
   18   15 5.05297E-02
   18   16 8.18580E+00
   18   17 6.89842E+00
   18   19 3.35689E+05
   19   10 1.18365E-03
   19   11 7.70824E-04
   19   12 4.34515E-03
   19   13 3.28101E-03
   19   14 4.14801E-02
   19   15 4.23211E-02
   19   16 1.86237E-01
   19   17 1.27017E-01
   19   18 7.52921E+00
   19   19 2.47103E+01
   19   21 6.93147E+09
   20   10 1.30205E-03
   20   11 8.91972E-04
   20   12 5.15634E-03
   20   13 1.91529E-03
   20   14 3.01499E-02
   20   15 1.11794E-02
   20   16 1.43939E-01
   20   17 1.06644E-01
   20   18 3.19391E+00
   20   19 1.58797E+00
   20   21 1.55826E+09
   21   11 1.09220E-03
   21   12 3.68172E-03
   21   13 1.62346E-03
   21   14 1.49860E-02
   21   15 8.77411E-03
   21   16 5.60044E-02
   21   17 4.23142E-02
   21   18 7.71630E-02
   21   19 1.07239E-01
   21   20 1.05371E+00
   21   21 1.49459E+00
   21   22 2.51945E+11
   21   23 5.66842E+01
   21   25 6.93147E+09
   22   12 3.40820E-03
   22   13 1.23056E-03
   22   14 1.25000E-02
   22   15 7.10660E-03
   22   16 6.31773E-02
   22   17 4.28968E-02
   22   18 2.85253E-01
   22   19 9.73934E-02
   22   20 1.73928E+00
   22   21 2.55341E+00
   22   22 6.93147E+09
   22   23 4.39250E+03
   23   13 9.45345E-04
   23   14 5.19541E-03
   23   15 3.96285E-03
   23   16 1.10395E-02
   23   17 7.70843E-03
   23   18 2.44433E-02
   23   19 3.27182E-02
   23   20 3.87096E-02
   23   21 2.06173E-02
   23   22 7.20296E-01
   23   23 1.26419E+00
   23   24 2.25526E+02
   23   25 2.55332E+02
   23   26 3.60928E+05
   23   27 6.93147E+09
   24   14 4.42498E-03
   24   15 3.72267E-03
   24   16 9.32473E-03
   24   17 9.42696E-03
   24   18 4.49608E-02
   24   19 2.98564E-02
   24   20 1.18640E-01
   24   21 8.21612E-02
   24   22 6.71028E-01
   24   23 1.23992E+00
   24   24 5.73878E+04
   24   25 9.96022E+02
   24   27 4.45139E+05
   25   15 2.41121E-03
   25   16 4.63888E-03
   25   17 4.40388E-03
   25   18 1.30599E-02
   25   19 1.32945E-02
   25   20 1.81716E-02
   25   21 1.48521E-02
   25   22 8.17966E-02
   25   23 1.03345E-01
   25   24 1.03364E+00
   25   25 2.85400E+00
   25   26 3.47744E+02
   25   27 2.87407E+02
   25   28 2.20808E+06
   25   29 6.93147E+09
   26   16 4.69310E-03
   26   17 3.16124E-03
   26   18 1.06895E-02
   26   19 9.70177E-03
   26   20 1.80398E-02
   26   21 2.69253E-02
   26   22 5.95366E-02
   26   23 5.00101E-02
   26   24 5.41763E-01
   26   25 9.41965E-01
   26   26 6.46620E+03
   26   27 8.45236E+01
   26   29 2.81661E+12
   27   17 2.57425E-03
   27   18 4.58056E-03
   27   19 5.07843E-03
   27   20 1.02600E-02
   27   21 1.34430E-02
   27   22 4.38642E-02
   27   23 4.73936E-02
   27   24 1.03444E-01
   27   25 1.17287E-01
   27   26 1.22954E+00
   27   27 2.98094E+00
   27   28 6.95513E+02
   27   29 1.33039E+06
   27   30 6.93147E+09
   27   31 6.93147E+09
   28   18 3.94546E-03
   28   19 3.33981E-03
   28   20 5.39460E-03
   28   21 5.01112E-03
   28   22 1.68410E-02
   28   23 1.50146E-02
   28   24 7.67380E-02
   28   25 4.61012E-02
   28   26 6.45895E-01
   28   27 4.54599E-01
   28   28 3.00000E+04
   28   29 7.51365E+02
   28   31 1.54697E+05
   29   19 2.50591E-03
   29   20 3.57653E-03
   29   21 4.50244E-03
   29   22 1.28242E-02
   29   23 6.89167E-03
   29   24 1.98518E-02
   29   25 1.79898E-02
   29   26 4.05497E-02
   29   27 5.79567E-02
   29   28 2.90433E-01
   29   29 9.43495E-01
   29   30 2.14484E+01
   29   31 1.46415E+01
   29   32 5.68556E+03
   29   33 2.87382E+03
   29   35 1.52100E+05
   30   21 3.05873E-03
   30   22 8.05985E-03
   30   23 3.64270E-03
   30   24 2.25694E-02
   30   25 1.22585E-02
   30   26 8.29543E-02
   30   27 3.86905E-02
   30   28 5.97146E-01
   30   29 6.59378E-01
   30   30 1.50138E+02
   30   31 1.08996E+01
   30   32 5.85819E+04
   30   33 8.67528E+02
   30   35 6.93147E+09
   31   22 5.18377E-03
   31   23 2.13362E-03
   31   24 7.09428E-03
   31   25 5.91652E-03
   31   26 1.22899E-02
   31   27 1.52238E-02
   31   28 4.17696E-02
   31   29 5.92268E-02
   31   30 3.03957E-01
   31   31 5.79797E-01
   31   32 7.75428E+00
   31   33 1.97913E+01
   31   34 4.41978E+02
   31   35 1.41321E+04
   31   36 4.12734E+05
   31   37 6.93147E+09
   31   39 6.93147E+09
   32   23 1.98528E-03
   32   24 9.64368E-03
   32   25 5.46196E-03
   32   26 1.92637E-02
   32   27 1.47820E-02
   32   28 8.19822E-02
   32   29 6.17627E-02
   32   30 8.68412E-01
   32   31 3.47598E-01
   32   32 8.08837E+01
   32   33 8.92266E+00
   32   34 2.25035E+04
   32   35 3.02252E+02
   32   36 6.93147E+09
   32   37 8.36941E+03
   32   39 6.93147E+09
   33   24 2.75191E-03
   33   25 2.40535E-03
   33   26 6.58536E-03
   33   27 8.29878E-03
   33   28 1.65827E-02
   33   29 2.59006E-02
   33   30 9.20651E-02
   33   31 7.35459E-02
   33   32 6.30319E-01
   33   33 1.83478E+00
   33   34 1.23423E+01
   33   35 3.80267E+01
   33   36 2.11219E+02
   33   37 2.27699E+01
   33   38 1.32523E+04
   33   39 7.60576E+02
   33   40 6.11472E+06
   33   41 6.93147E+09
   33   43 6.93147E+09
   34   25 2.04932E-03
   34   26 7.21026E-03
   34   27 7.03403E-03
   34   28 2.38399E-02
   34   29 1.69855E-02
   34   30 9.16738E-02
   34   31 4.27336E-02
   34   32 6.48616E-01
   34   33 3.66470E-01
   34   34 4.23224E+01
   34   35 3.80055E+00
   34   36 4.18966E+03
   34   37 8.72285E+01
   34   38 2.25827E+06
   34   39 4.86759E+03
   34   41 3.73272E+05
   35   26 3.96392E-03
   35   27 2.79243E-03
   35   28 9.82597E-03
   35   29 9.40483E-03
   35   30 2.29823E-02
   35   31 2.09924E-02
   35   32 4.42803E-02
   35   33 3.95339E-02
   35   34 2.02125E-01
   35   35 1.96969E-01
   35   36 2.38805E+00
   35   37 1.32936E+00
   35   38 2.36567E+01
   35   39 3.29884E+02
   35   40 4.86173E+02
   35   41 5.41983E+01
   35   42 3.50421E+04
   35   43 1.52798E+06
   35   45 6.93147E+09
   35   47 6.93147E+09
   36   27 2.31023E-03
   36   28 9.03798E-03
   36   29 8.18026E-03
   36   30 2.70835E-02
   36   31 2.14511E-02
   36   32 7.26483E-02
   36   33 3.32060E-02
   36   34 3.90170E-01
   36   35 1.64993E-01
   36   36 1.18982E+01
   36   37 3.63947E+00
   36   38 1.27017E+03
   36   39 5.80142E+01
   36   40 7.92998E+04
   36   41 8.23752E+02
   36   43 1.06766E+05
   36   45 6.93147E+09
   37   29 3.27731E-03
   37   30 7.10335E-03
   37   31 5.55224E-03
   37   32 1.31877E-02
   37   33 1.22615E-02
   37   34 3.46903E-02
   37   35 2.63490E-02
   37   36 2.85339E-01
   37   37 6.99399E-01
   37   38 3.64403E+00
   37   39 4.40445E+00
   37   40 2.49441E+01
   37   41 6.65642E+01
   37   42 5.26812E+02
   37   43 3.26562E+03
   37   44 3.63472E+05
   37   45 5.54686E+07
   37   46 6.93147E+09
   37   47 6.93147E+09
   37   49 6.93147E+09
   38   30 7.99225E-03
   38   31 6.51483E-03
   38   32 1.59134E-02
   38   33 1.39703E-02
   38   34 5.64143E-02
   38   35 4.39991E-02
   38   36 3.85560E-01
   38   37 1.96754E-01
   38   38 9.48200E+00
   38   39 3.59575E+00
   38   40 4.12083E+02
   38   41 4.42488E+02
   38   42 1.18561E+04
   38   43 2.69182E+02
   38   44 6.93147E+09
   38   45 1.45181E+04
   38   47 9.63516E+05
   39   31 3.53786E-03
   39   32 8.13030E-03
   39   33 6.64628E-03
   39   34 1.66851E-02
   39   35 1.58964E-02
   39   36 3.86390E-02
   39   37 3.78148E-02
   39   38 1.90284E-01
   39   39 2.14933E-01
   39   40 2.44866E+00
   39   41 4.61017E+01
   39   42 3.33932E+01
   39   43 8.50288E+01
   39   44 3.54856E+02
   39   45 2.20965E+03
   39   46 1.66901E+04
   39   47 4.91636E+04
   39   48 7.15429E+06
   39   49 6.93147E+09
   40   32 7.30668E-03
   40   33 7.22511E-03
   40   34 1.84140E-02
   40   35 1.68273E-02
   40   36 5.25308E-02
   40   37 2.93672E-02
   40   38 2.61009E-01
   40   39 1.64815E-01
   40   40 6.85108E+00
   40   41 4.27921E+00
   40   42 1.52880E+02
   40   43 9.96425E+00
   40   44 9.55524E+02
   40   45 5.33605E+01
   40   46 5.90487E+04
   40   47 4.80275E+02
   40   48 9.47108E+07
   40   49 6.66519E+03
   41   33 2.83380E-03
   41   34 4.95080E-03
   41   35 6.50543E-03
   41   36 1.17469E-02
   41   37 1.01216E-02
   41   38 3.57415E-02
   41   39 4.09132E-02
   41   40 2.10017E-01
   41   41 6.63398E-01
   41   42 1.54402E+00
   41   43 2.15244E-01
   41   44 4.29364E+00
   41   45 3.13499E+00
   41   46 1.98254E+01
   41   47 3.80107E+01
   41   48 1.92339E+02
   41   49 2.66902E+03
   41   50 1.15387E+05
   41   51 5.06151E+04
   41   53 1.74589E+06
   42   35 4.14230E-03
   42   36 6.93521E-03
   42   37 5.01568E-03
   42   38 4.78743E-02
   42   39 3.17210E-02
   42   40 6.64902E-02
   42   41 8.82200E-02
   42   42 1.06592E+00
   42   43 3.68460E-01
   42   44 8.37342E+00
   42   45 3.36242E+00
   42   46 1.51864E+02
   42   47 1.53835E+01
   42   48 1.43008E+04
   42   49 1.16753E+02
   42   51 4.96450E+06
   43   36 5.99537E-03
   43   37 3.47467E-03
   43   38 6.90345E-03
   43   39 9.72152E-03
   43   40 2.57486E-02
   43   41 3.83557E-02
   43   42 6.98799E-02
   43   43 8.83478E-02
   43   44 3.37852E-01
   43   45 2.73423E-01
   43   46 1.59269E+00
   43   47 2.98485E+00
   43   48 1.64354E+01
   43   49 5.96744E+01
   43   50 6.93790E+02
   43   51 1.27146E+03
   43   52 5.59623E+03
   43   53 1.50073E+04
   43   54 6.93147E+09
   43   55 7.69992E+03
   43   57 1.32424E+06
   44   37 4.52516E-03
   44   38 1.16521E-02
   44   39 3.74281E-03
   44   40 1.09092E-02
   44   41 2.00894E-02
   44   42 8.63533E-02
   44   43 6.51248E-02
   44   44 7.27049E-01
   44   45 2.94403E-01
   44   46 5.10885E+00
   44   47 1.18713E+00
   44   48 1.42142E+02
   44   49 7.99557E+00
   44   50 9.60328E+04
   44   51 2.64103E+04
   44   53 1.61051E+05
   45   38 1.03298E-02
   45   39 4.61673E-03
   45   40 1.04693E-02
   45   41 1.00674E-02
   45   42 2.20892E-02
   45   43 1.79433E-02
   45   44 8.02387E-02
   45   45 8.31254E-02
   45   46 4.09783E-01
   45   47 3.47477E-01
   45   48 2.64560E+00
   45   49 4.72892E+00
   45   50 3.50071E+01
   45   51 1.70526E+02
   45   52 3.24536E+02
   45   53 7.82056E+01
   45   54 1.87666E+03
   45   55 2.90342E+02
   45   56 6.93147E+09
   45   57 6.93147E+09
   45   59 2.50183E+09
   46   40 8.67223E-03
   46   41 7.71831E-03
   46   42 1.95662E-02
   46   43 1.58606E-02
   46   44 6.82710E-02
   46   45 5.24581E-02
   46   46 5.46498E-01
   46   47 2.23840E-01
   46   48 6.43240E+00
   46   49 9.21032E-01
   46   50 6.06591E+02
   46   51 6.33761E+02
   46   52 1.03058E+04
   46   53 3.79817E+03
   46   54 4.60599E+06
   46   55 2.47643E+03
   46   57 3.52374E+05
   47   41 5.14751E-03
   47   42 1.06975E-02
   47   43 9.92304E-03
   47   44 2.45984E-02
   47   45 2.05127E-02
   47   46 9.41975E-02
   47   47 7.71067E-02
   47   48 6.51104E-01
   47   49 4.56820E-01
   47   50 8.44792E+00
   47   51 2.24299E+01
   47   52 3.06118E+01
   47   53 5.96807E+01
   47   54 9.58276E+01
   47   55 1.63566E+02
   47   56 8.09506E+02
   47   57 1.97806E+03
   47   58 4.59301E+03
   47   59 3.59476E+02
   47   61 6.93147E+09
   47   63 6.93147E+09
   48   42 8.02859E-03
   48   43 7.23762E-03
   48   44 2.02040E-02
   48   45 1.61151E-02
   48   46 7.31256E-02
   48   47 5.12323E-02
   48   48 8.37936E-01
   48   49 2.02860E-01
   48   50 3.92988E+01
   48   51 3.98255E+01
   48   52 1.33350E+02
   48   53 1.40377E+02
   48   54 5.70475E+02
   48   55 9.23510E+01
   48   56 6.35520E+04
   48   57 1.57075E+03
   48   59 4.07498E+03
   48   61 3.03333E+09
   49   43 5.53846E-03
   49   44 1.29605E-02
   49   45 1.15968E-02
   49   46 3.27147E-02
   49   47 2.47870E-02
   49   48 1.70409E-01
   49   49 9.31227E-02
   49   50 3.94024E+00
   49   51 6.65706E+00
   49   52 1.94538E+01
   49   53 3.30132E+01
   49   54 1.62512E+01
   49   55 9.14018E+00
   49   56 4.91513E+01
   49   57 5.52799E+01
   49   58 2.99824E+02
   49   59 3.47637E+02
   49   60 1.63128E+03
   49   61 3.54179E+03
   49   62 1.05078E+04
   49   63 6.93147E+09
   49   65 6.93147E+09
   49   67 6.93147E+09
   50   44 8.36933E-03
   50   45 7.53572E-03
   50   46 2.25345E-02
   50   47 1.52683E-02
   50   48 1.02477E-01
   50   49 4.17543E-02
   50   50 1.81134E+00
   50   51 3.48828E+00
   50   52 1.75840E+01
   50   53 1.84895E+01
   50   54 2.23958E+01
   50   55 3.56391E+01
   50   56 1.07354E+02
   50   57 1.48722E+02
   50   58 5.46811E+02
   50   59 8.74267E+01
   50   60 8.44376E+04
   50   61 5.86381E+02
   50   63 2.64889E+03
   51   46 4.46819E-03
   51   47 3.50501E-03
   51   48 8.37800E-03
   51   49 5.64104E-03
   51   50 2.06848E-02
   51   51 2.58343E-02
   51   52 9.17240E-02
   51   53 1.67365E-01
   51   54 3.17530E-01
   51   55 7.00895E-01
   51   56 1.36052E+00
   51   57 1.42369E+00
   51   58 9.40427E+00
   51   59 1.01359E+01
   51   60 1.71374E+01
   51   61 8.30337E+01
   51   62 2.22402E+02
   51   63 4.97557E+02
   51   64 2.46266E+03
   51   65 2.65896E+04
   51   66 3.63263E+04
   51   67 1.03819E+06
   51   68 6.93147E+09
   51   69 6.93147E+09
   51   71 6.93147E+09
   51   73 6.93147E+09
   52   47 5.57197E-03
   52   48 2.40254E-02
   52   49 8.64180E-03
   52   50 5.93580E-02
   52   51 6.88470E-02
   52   52 3.96869E-01
   52   53 3.67516E-01
   52   54 1.57999E+00
   52   55 8.99362E-01
   52   56 5.96906E+00
   52   57 3.06204E+00
   52   58 2.20653E+01
   52   59 3.72692E+01
   52   60 8.14113E+01
   52   61 3.55202E+01
   52   62 8.69056E+02
   52   63 6.51997E+01
   52   64 1.12073E+04
   52   65 7.52509E+02
   52   66 7.51590E+10
   52   67 6.04307E+04
   52   69 6.93147E+09
   52   71 6.93147E+09
   53   48 6.69839E-03
   53   49 3.80826E-03
   53   50 9.86129E-03
   53   51 1.25226E-02
   53   52 3.92731E-02
   53   53 3.13708E-02
   53   54 1.00446E-01
   53   55 1.34968E-01
   53   56 3.38009E-01
   53   57 5.27815E-01
   53   58 9.11602E-01
   53   59 1.59714E+00
   53   60 2.88178E+00
   53   61 1.01624E+01
   53   62 9.33498E+00
   53   63 1.40974E+01
   53   64 5.74829E+01
   53   65 1.95381E+02
   53   66 2.75134E+02
   53   67 1.53129E+02
   53   68 3.21215E+03
   53   69 8.68725E+03
   53   70 1.71440E+04
   53   71 5.58599E+04
   53   72 1.11227E+06
   53   73 6.93147E+09
   53   75 6.93147E+09
   53   77 6.93147E+09
   54   49 4.71548E-03
   54   50 1.24101E-02
   54   51 1.10855E-02
   54   52 4.47490E-02
   54   53 4.11374E-02
   54   54 1.89525E-01
   54   55 1.70140E-01
   54   56 6.18748E-01
   54   57 8.05841E-01
   54   58 2.06786E+00
   54   59 2.16060E+00
   54   60 8.98080E+00
   54   61 7.59223E+00
   54   62 4.42964E+01
   54   63 1.40033E+01
   54   64 2.35798E+02
   54   65 2.01702E+02
   54   66 2.74085E+03
   54   67 1.87781E+02
   54   68 2.66722E+04
   54   69 6.74784E+04
   54   71 3.85588E+06
   54   73 6.93147E+09
   55   51 6.22455E-03
   55   52 1.45364E-02
   55   53 1.35432E-02
   55   54 4.01814E-02
   55   55 6.14396E-02
   55   56 1.79473E-01
   55   57 2.29767E-01
   55   58 4.32121E-01
   55   59 4.79357E-01
   55   60 9.48413E-01
   55   61 1.45503E+00
   55   62 4.12493E+00
   55   63 8.88550E+00
   55   64 1.52496E+01
   55   65 2.06328E+01
   55   66 3.06129E+01
   55   67 1.32977E+01
   55   68 1.75802E+02
   55   69 7.94469E+02
   55   70 1.42421E+03
   55   71 5.13893E+03
   55   72 7.04213E+03
   55   73 1.76023E+04
   55   74 3.03557E+04
   55   75 8.41702E+04
   55   76 5.29422E+05
   55   77 1.77121E+04
   55   79 6.93147E+09
   55   81 6.93147E+09
   56   52 1.19339E-02
   56   53 1.00392E-02
   56   54 2.66487E-02
   56   55 3.01682E-02
   56   56 1.00609E-01
   56   57 1.01335E-01
   56   58 3.20640E-01
   56   59 2.41480E-01
   56   60 1.23421E+00
   56   61 1.37744E+00
   56   62 4.49636E+00
   56   63 4.24061E+00
   56   64 1.82512E+01
   56   65 6.03273E+00
   56   66 7.55710E+01
   56   67 2.06501E+01
   56   68 4.19818E+02
   56   69 3.52308E+02
   56   70 3.42019E+03
   56   71 2.14297E+03
   56   72 1.80783E+07
   56   73 6.13801E+02
   56   75 6.93147E+09
   56   77 1.51145E+05
   57   53 5.11468E-03
   57   54 9.68659E-03
   57   55 1.08886E-02
   57   56 3.04453E-02
   57   57 4.33530E-02
   57   58 1.34911E-01
   57   59 1.32124E-01
   57   60 3.88267E-01
   57   61 6.11360E-01
   57   62 1.28918E+00
   57   63 1.25644E+00
   57   64 4.09287E+00
   57   65 2.22777E+00
   57   66 7.47316E+00
   57   67 7.41981E+00
   57   68 2.39489E+01
   57   69 4.77983E+01
   57   70 7.64178E+01
   57   71 7.58103E+01
   57   72 4.45308E+02
   57   73 2.66710E+02
   57   74 2.55616E+03
   57   75 6.91549E+03
   57   76 1.72652E+04
   57   77 1.57398E+04
   57   78 1.21426E+05
   57   79 1.74003E+05
   57   80 1.65101E+09
   57   81 6.93147E+09
   58   55 8.76569E-03
   58   56 1.98494E-02
   58   57 2.42979E-02
   58   58 8.79043E-02
   58   59 6.91706E-02
   58   60 2.45517E-01
   58   61 3.14559E-01
   58   62 9.08538E-01
   58   63 9.08607E-01
   58   64 2.72820E+00
   58   65 1.60313E+00
   58   66 8.72343E+00
   58   67 4.75197E+00
   58   68 3.75183E+01
   58   69 5.13035E+01
   58   70 1.45771E+02
   58   71 2.50745E+02
   58   72 9.65863E+02
   58   73 9.89138E+01
   58   74 2.60664E+04
   58   75 1.56612E+04
   58   76 1.37986E+05
   58   77 5.21834E+03
   58   79 6.93147E+09
   58   81 6.93147E+09
   59   56 1.01838E-02
   59   57 1.12732E-02
   59   58 3.15560E-02
   59   59 3.37933E-02
   59   60 1.00162E-01
   59   61 1.23303E-01
   59   62 3.02934E-01
   59   63 3.69118E-01
   59   64 6.79449E-01
   59   65 6.35428E-01
   59   66 1.44032E+00
   59   67 1.71615E+00
   59   68 4.06072E+00
   59   69 7.67599E+00
   59   70 1.13597E+01
   59   71 2.12697E+01
   59   72 3.35228E+01
   59   73 3.94817E+01
   59   74 1.67308E+02
   59   75 3.15426E+02
   59   76 2.70727E+02
   59   77 2.05443E+02
   59   78 1.37316E+03
   59   79 4.24827E+03
   59   80 2.91380E+03
   59   81 6.93147E+09
   59   83 6.93147E+09
   60   58 1.98953E-02
   60   59 1.96622E-02
   60   60 6.94853E-02
   60   61 7.93321E-02
   60   62 2.04236E-01
   60   63 2.29339E-01
   60   64 4.95818E-01
   60   65 4.18555E-01
   60   66 1.16946E+00
   60   67 9.94899E-01
   60   68 3.78957E+00
   60   69 5.16101E+00
   60   70 1.19657E+01
   60   71 2.37632E+01
   60   72 3.98096E+01
   60   73 1.93502E+01
   60   74 4.75099E+02
   60   75 7.60488E+02
   60   76 1.78225E+03
   60   77 4.93222E+02
   60   78 1.22836E+04
   60   79 9.70849E+03
   60   80 7.72560E+07
   60   81 3.57807E+04
   61   59 7.78201E-03
   61   60 1.97838E-02
   61   61 2.55833E-02
   61   62 6.78498E-02
   61   63 9.19476E-02
   61   64 1.58026E-01
   61   65 1.74998E-01
   61   66 3.31599E-01
   61   67 3.98085E-01
   61   68 7.85737E-01
   61   69 1.04932E+00
   61   70 2.10347E+00
   61   71 2.17773E+00
   61   72 6.88349E+00
   61   73 9.77866E+00
   61   74 1.00021E+01
   61   75 3.88538E+01
   61   76 3.56215E+01
   61   77 8.18955E+01
   61   78 7.16707E+02
   61   79 6.60650E+02
   61   80 3.34320E+02
   61   81 1.93281E+04
   61   82 6.33568E+04
   61   83 6.93147E+09
   61   84 6.93147E+09
   61   85 4.46467E+03
   61   87 6.93147E+09
   61   89 6.93147E+09
   62   61 1.84889E-02
   62   62 5.69583E-02
   62   63 5.95867E-02
   62   64 1.13466E-01
   62   65 1.12565E-01
   62   66 2.52031E-01
   62   67 2.02706E-01
   62   68 6.46655E-01
   62   69 7.47646E-01
   62   70 1.75191E+00
   62   71 1.55434E+00
   62   72 6.26608E+00
   62   73 4.11195E+00
   62   74 2.83061E+01
   62   75 5.05893E+01
   62   76 1.64698E+02
   62   77 5.44241E+01
   62   78 7.82331E+02
   62   79 4.11658E+02
   62   80 1.82998E+03
   62   81 1.11228E+02
   62   83 1.02714E+07
   63   62 1.16211E-02
   63   63 1.39665E-02
   63   64 2.65200E-02
   63   65 3.41451E-02
   63   66 5.45112E-02
   63   67 4.90799E-02
   63   68 1.47413E-01
   63   69 2.84759E-01
   63   70 8.00792E-01
   63   71 8.20802E-01
   63   72 2.22351E+00
   63   73 1.70800E+00
   63   74 4.97410E+00
   63   75 1.21955E+01
   63   76 1.31720E+01
   63   77 1.51766E+01
   63   78 2.99951E+01
   63   79 2.19061E+02
   63   80 6.40773E+01
   63   81 4.83563E+01
   63   82 4.13785E+03
   63   83 6.27359E+05
   63   84 6.93147E+09
   63   85 2.10054E+04
   63   86 6.69012E+08
   63   87 7.61216E+08
   63   89 6.93147E+09
   63   91 8.13512E+07
   64   64 3.19425E-02
   64   65 3.24617E-02
   64   66 7.00879E-02
   64   67 5.19431E-02
   64   68 1.72347E-01
   64   69 1.81281E-01
   64   70 4.36569E-01
   64   71 6.89088E-01
   64   72 1.21911E+00
   64   73 1.97175E+00
   64   74 4.23975E+00
   64   75 5.89431E+00
   64   76 1.73448E+01
   64   77 1.06775E+01
   64   78 6.15981E+01
   64   79 2.71137E+01
   64   80 1.46227E+02
   64   81 1.50996E+01
   64   82 1.13420E+05
   64   83 4.05528E+04
   64   85 1.80394E+03
   64   87 1.64244E+04
   64   89 1.26146E+08
   65   65 1.72718E-02
   65   66 3.97730E-02
   65   67 3.57852E-02
   65   68 9.84155E-02
   65   69 1.02734E-01
   65   70 1.93221E-01
   65   71 3.50844E-01
   65   72 5.35408E-01
   65   73 7.58841E-01
   65   74 1.15281E+00
   65   75 1.69524E+00
   65   76 6.01577E+00
   65   77 2.51247E+00
   65   78 6.34621E+00
   65   79 4.98555E+00
   65   80 7.46131E+00
   65   81 7.90159E+00
   65   82 2.25604E+02
   65   83 5.60915E+01
   65   84 5.45270E+01
   65   85 1.44597E+02
   65   86 2.59583E+02
   65   87 1.14154E+02
   65   88 2.34446E+05
   65   89 6.57421E+05
   65   90 4.74632E+06
   65   91 5.73982E+05
   65   92 4.83492E+09
   65   93 6.93147E+09
   65   95 1.09588E+13
   66   67 2.01343E-02
   66   68 5.98589E-02
   66   69 6.21169E-02
   66   70 1.62181E-01
   66   71 2.14156E-01
   66   72 3.42166E-01
   66   73 4.98644E-01
   66   74 8.40303E-01
   66   75 1.12874E+00
   66   76 5.57943E+00
   66   77 1.98807E+00
   66   78 7.95194E+00
   66   79 5.12579E+00
   66   80 2.27317E+01
   66   81 4.33367E+00
   66   82 8.04982E+01
   66   83 7.07920E+02
   66   84 3.44872E+02
   66   85 2.02221E+02
   66   86 1.44645E+04
   66   87 3.23541E+02
   66   89 2.15277E+06
   66   91 8.73346E+05
   66   93 6.93147E+09
   67   69 3.19924E-02
   67   70 6.62169E-02
   67   71 9.49093E-02
   67   72 1.49884E-01
   67   73 1.81250E-01
   67   74 2.71233E-01
   67   75 4.36001E-01
   67   76 1.46821E+00
   67   77 8.47495E-01
   67   78 1.94348E+00
   67   79 2.52116E+00
   67   80 2.51343E+00
   67   81 1.22433E+00
   67   82 6.58116E+00
   67   83 9.23710E+00
   67   84 1.21728E+01
   67   85 1.92602E+01
   67   86 4.70080E+02
   67   87 8.42621E+01
   67   88 1.25306E+02
   67   89 1.39280E+02
   67   90 2.02448E+02
   67   91 2.52105E+02
   67   92 4.27649E+02
   67   93 7.35544E+02
   67   94 2.26012E+03
   67   95 4.44791E+02
   67   96 6.93147E+09
   67   97 6.93147E+09
   68   70 4.74174E-02
   68   71 6.48111E-02
   68   72 1.03683E-01
   68   73 1.41814E-01
   68   74 1.98167E-01
   68   75 2.67260E-01
   68   76 1.14571E+00
   68   77 4.41459E-01
   68   78 1.48347E+00
   68   79 1.08934E+00
   68   80 1.59248E+00
   68   81 8.33490E-01
   68   82 1.37077E+01
   68   83 1.94455E+01
   68   84 3.00859E+01
   68   85 1.81554E+01
   68   86 2.02771E+02
   68   87 4.29792E+01
   68   88 2.33472E+02
   68   89 8.16764E+02
   68   90 9.03801E+02
   68   91 4.76018E+03
   68   92 2.04709E+06
   68   93 4.45111E+03
   68   95 1.10763E+03
   68   97 6.24397E+08
   69   72 6.84564E-02
   69   73 8.54797E-02
   69   74 1.06621E-01
   69   75 1.42629E-01
   69   76 5.11692E-01
   69   77 2.20098E-01
   69   78 4.80717E-01
   69   79 5.31308E-01
   69   80 6.07520E-01
   69   81 4.48570E-01
   69   82 1.84614E+00
   69   83 2.85887E+00
   69   84 4.01339E+00
   69   85 7.97607E+00
   69   86 3.79022E+01
   69   87 8.03444E+00
   69   88 1.23048E+02
   69   89 2.66324E+02
   69   90 3.15376E+02
   69   91 2.67947E+02
   69   92 1.81021E+03
   69   93 9.63494E+02
   69   94 2.15612E+04
   69   95 3.39054E+02
   69   96 2.06718E+06
   69   97 4.51059E+06
   69   98 8.65119E+08
   69   99 6.93147E+09
   69  101 6.93147E+09
   70   73 5.59604E-02
   70   73 5.59604E-02
   70   74 6.71015E-02
   70   75 8.04999E-02
   70   76 1.38493E-01
   70   77 1.35018E-01
   70   78 3.70731E-01
   70   79 2.96410E-01
   70   80 5.31814E-01
   70   81 2.89651E-01
   70   82 2.03556E+00
   70   83 3.47805E+00
   70   84 4.33203E+00
   70   85 2.11599E+00
   70   86 1.97411E+01
   70   87 6.02703E+00
   70   88 2.71632E+01
   70   89 4.97164E+01
   70   90 7.84670E+01
   70   91 7.75097E+01
   70   92 2.05221E+02
   70   93 3.45015E+02
   70   94 1.19317E+03
   70   95 1.14386E+02
   70   96 6.93147E+09
   70   97 7.06802E+05
   70   99 3.14777E+05
   71   75 1.21364E-01
   71   76 6.68544E-02
   71   77 6.71807E-02
   71   78 1.60468E-01
   71   79 1.54980E-01
   71   80 2.20028E-01
   71   81 1.73330E-01
   71   82 6.71102E-01
   71   83 1.01865E+00
   71   84 1.69931E+00
   71   85 1.03142E+00
   71   86 2.72662E+00
   71   87 3.28183E+00
   71   88 1.80331E+01
   71   89 2.01139E+01
   71   90 4.49144E+01
   71   91 4.85913E+01
   71   92 1.18933E+02
   71   93 2.46737E+02
   71   94 4.45643E+02
   71   95 5.16807E+01
   71   96 1.24072E+02
   71   97 1.63321E+02
   71   98 2.42465E+02
   71   99 4.67564E+02
   71  100 5.77391E+02
   71  101 2.35425E+03
   71  102 2.94962E+03
   71  103 6.93147E+09
   71  105 5.09543E+05
   72   77 4.40042E-02
   72   78 1.25928E-01
   72   79 8.78310E-02
   72   80 1.66934E-01
   72   81 1.06171E-01
   72   82 4.79232E-01
   72   83 7.70946E-01
   72   84 1.23764E+00
   72   85 9.53928E-01
   72   86 1.93039E+00
   72   87 1.84682E+00
   72   88 6.09269E+00
   72   89 6.48111E+00
   72   90 1.42279E+01
   72   91 2.71407E+01
   72   92 3.56069E+01
   72   93 5.87009E+01
   72   94 8.62914E+01
   72   95 2.45108E+01
   72   96 6.46650E+02
   72   97 3.49770E+03
   72   98 2.25534E+04
   72   99 4.94124E+03
   72  100 9.55440E+06
   72  101 4.94091E+05
   72  103 6.93147E+09
   73   78 6.43263E-02
   73   79 5.51949E-02
   73   80 9.20772E-02
   73   81 6.65591E-02
   73   82 3.31431E-01
   73   83 3.49533E-01
   73   84 5.66355E-01
   73   85 6.10288E-01
   73   86 1.48322E+00
   73   87 1.37098E+00
   73   88 3.76350E+00
   73   89 3.13758E+00
   73   90 8.22012E+00
   73   91 4.72151E+00
   73   92 1.99558E+01
   73   93 8.06300E+00
   73   94 1.15649E+01
   73   95 1.61563E+01
   73   96 2.40513E+01
   73   97 3.47364E+01
   73   98 4.67167E+01
   73   99 2.21511E+03
   73  100 1.85427E+04
   73  101 2.31334E+04
   73  102 1.00567E+05
   73  103 1.36699E+05
   73  104 3.41350E+05
   73  105 3.84416E+07
   73  106 3.17770E+08
   73  107 2.23825E+06
   74   80 8.22369E-02
   74   81 4.15693E-02
   74   82 1.28601E-01
   74   83 2.09026E-01
   74   84 3.28705E-01
   74   85 3.73485E-01
   74   86 4.92691E-01
   74   87 5.95627E-01
   74   88 1.36627E+00
   74   89 1.85768E+00
   74   90 3.28611E+00
   74   91 2.19716E+00
   74   92 7.68155E+00
   74   93 1.43608E+01
   74   94 1.91796E+01
   74   95 2.95178E+01
   74   96 4.40832E+01
   74   97 7.10318E+01
   74   98 1.10053E+02
   74   99 1.33956E+02
   74  100 3.09149E+02
   74  101 4.63396E+02
   74  102 1.08068E+03
   74  103 4.07008E+03
   74  104 6.93147E+09
   74  105 6.56436E+02
   74  107 5.17268E+07
   75   81 3.20796E-02
   75   82 9.52671E-02
   75   83 1.24448E-01
   75   84 2.41196E-01
   75   85 3.32985E-01
   75   86 4.10118E-01
   75   87 3.69428E-01
   75   88 5.92173E-01
   75   89 7.53293E-01
   75   90 1.10646E+00
   75   91 6.64682E-01
   75   92 1.75609E+00
   75   93 3.03306E+00
   75   94 9.01775E+00
   75   95 1.55423E+01
   75   96 2.02333E+01
   75   97 3.64068E+01
   75   98 4.33141E+01
   75   99 8.16024E+01
   75  100 1.31708E+02
   75  101 2.59296E+02
   75  102 4.65318E+02
   75  103 8.84284E+02
   75  104 3.28387E+03
   75  105 1.68170E+02
   75  106 8.95634E+05
   75  107 1.95784E+06
   75  108 8.49747E+09
   75  109 6.93147E+09
   75  111 6.93147E+09
   76   83 8.51584E-02
   76   84 1.28729E-01
   76   85 1.66483E-01
   76   86 1.52868E-01
   76   87 2.25969E-01
   76   88 5.41223E-01
   76   89 5.38349E-01
   76   90 8.14535E-01
   76   91 8.13084E-01
   76   92 1.87259E+00
   76   93 2.96335E+00
   76   94 3.54886E+00
   76   95 6.23522E+00
   76   96 7.33009E+00
   76   97 1.27893E+01
   76   98 1.71409E+01
   76   99 1.92770E+01
   76  100 3.46707E+01
   76  101 5.06430E+01
   76  102 8.73749E+01
   76  103 1.30182E+02
   76  104 4.95920E+02
   76  105 4.77995E+01
   76  106 3.46800E+04
   76  107 3.00349E+05
   76  109 1.77758E+06
   77   85 1.51516E-01
   77   86 1.60680E-01
   77   87 1.42339E-01
   77   88 2.02765E-01
   77   89 2.43369E-01
   77   90 3.23454E-01
   77   91 3.58573E-01
   77   92 6.10508E-01
   77   93 7.98664E-01
   77   94 1.00643E+00
   77   95 1.65691E+00
   77   96 1.62962E+00
   77   97 2.30369E+00
   77   98 2.97156E+00
   77   99 1.12654E+01
   77  100 5.59104E+00
   77  101 2.73165E+01
   77  102 5.21736E+01
   77  103 6.56944E+01
   77  104 2.04817E+02
   77  105 2.34262E+01
   77  106 1.89637E+03
   77  107 1.97450E+04
   77  108 1.26822E+02
   77  109 1.21824E+02
   77  110 1.54163E+02
   77  111 4.33146E+02
   77  112 2.37049E+03
   77  113 6.27718E+03
   77  115 6.93147E+09
   78   87 1.07694E-01
   78   88 1.14631E-01
   78   89 1.20185E-01
   78   90 1.48775E-01
   78   91 2.55003E-01
   78   92 3.78829E-01
   78   93 7.94127E-01
   78   94 1.30374E+00
   78   95 1.88479E+00
   78   96 1.97955E+00
   78   97 3.95600E+00
   78   98 3.62184E+00
   78   99 4.49199E+00
   78  100 8.33337E+00
   78  101 8.23701E+00
   78  102 1.42502E+01
   78  103 1.88692E+01
   78  104 5.16380E+01
   78  105 9.81392E+00
   78  106 3.17475E+02
   78  107 7.71817E+02
   78  108 1.43516E+04
   78  109 2.68995E+03
   78  110 1.68602E+06
   78  111 6.29426E+05
   78  113 1.85039E+06
   78  115 2.97879E+10
   79   88 1.32549E-01
   79   89 1.48367E-01
   79   90 1.75261E-01
   79   91 2.72469E-01
   79   92 2.53138E-01
   79   93 2.66523E-01
   79   94 3.35975E-01
   79   95 3.06834E-01
   79   96 4.97928E-01
   79   97 1.04832E+00
   79   98 9.28531E-01
   79   99 1.92852E+00
   79  100 1.91112E+00
   79  101 1.44121E+00
   79  102 4.48565E+00
   79  103 2.12332E+00
   79  104 1.33030E+01
   79  105 3.66649E+01
   79  106 3.98934E+01
   79  107 1.54373E+02
   79  108 1.98276E+02
   79  109 1.43701E+03
   79  110 5.26471E+05
   79  111 4.49215E+04
   79  112 1.37826E+06
   79  113 4.59673E+05
   79  114 5.20518E+06
   79  115 2.73822E+06
   79  116 2.65331E+08
   79  117 5.90161E+06
   79  119 6.93147E+09
   80   90 1.18395E-01
   80   91 1.90153E-01
   80   92 2.01591E-01
   80   93 2.39584E-01
   80   94 3.48885E-01
   80   95 6.98813E-01
   80   96 6.50443E-01
   80   97 1.60659E+00
   80   98 1.16361E+00
   80   99 9.84149E-01
   80  100 2.32374E+00
   80  101 5.59312E+00
   80  102 5.36168E+00
   80  103 2.07361E+00
   80  104 1.38215E+01
   80  105 4.07520E+01
   80  106 4.03577E+01
   80  107 1.48969E+02
   80  108 2.32049E+02
   80  109 5.08312E+02
   80  110 2.96436E+03
   80  111 6.16022E+02
   80  112 6.83114E+05
   80  113 2.28896E+05
   80  114 6.93147E+09
   80  115 1.07558E+06
   80  117 8.21592E+06
   81   92 1.07240E-01
   81   93 1.23244E-01
   81   94 1.79185E-01
   81   95 3.61635E-01
   81   96 3.39387E-01
   81   97 3.10468E-01
   81   98 6.91104E-01
   81   99 4.66921E-01
   81  100 1.52545E+00
   81  101 3.88004E+00
   81  102 3.65258E+00
   81  103 9.60108E+00
   81  104 8.95557E+00
   81  105 2.95706E+01
   81  106 2.82596E+01
   81  107 1.16869E+02
   81  108 1.34278E+02
   81  109 1.20206E+03
   81  110 2.15290E+03
   81  111 9.02019E+04
   81  112 7.53973E+04
   81  113 9.91336E+05
   81  114 2.74920E+06
   81  115 2.75442E+05
   81  116 1.05590E+07
   81  117 6.01682E+05
   81  118 4.55555E+07
   81  119 2.07003E+09
   81  120 6.93147E+09
   81  121 6.93147E+09
   81  123 6.93147E+09
   82   93 8.22043E-02
   82   94 1.37997E-01
   82   95 1.42054E-01
   82   96 2.81471E-01
   82   97 4.82428E-01
   82   98 6.18826E-01
   82   99 3.72769E-01
   82  100 1.37703E+00
   82  101 3.89853E+00
   82  102 3.46614E+00
   82  103 9.20314E+00
   82  104 1.00292E+01
   82  105 2.25510E+01
   82  106 2.62945E+01
   82  107 7.60592E+01
   82  108 9.68300E+01
   82  109 2.65096E+02
   82  110 7.76985E+02
   82  111 8.14451E+02
   82  112 4.80451E+03
   82  113 2.21152E+03
   82  114 6.76667E+04
   82  115 3.44893E+04
   82  116 6.93147E+09
   82  117 6.17284E+03
   82  118 6.93147E+09
   82  119 3.94589E+04
   82  120 6.93147E+09
   82  121 2.44460E+09
   82  123 6.93147E+09
   83   95 7.26450E-02
   83   96 9.19625E-02
   83   97 1.37984E-01
   83   98 1.60910E-01
   83   99 1.54644E-01
   83  100 3.54943E-01
   83  101 8.09872E-01
   83  102 8.83498E-01
   83  103 2.09155E+00
   83  104 2.37381E+00
   83  105 5.38842E+00
   83  106 5.95009E+00
   83  107 1.42261E+01
   83  108 1.75409E+01
   83  109 3.82102E+01
   83  110 5.51928E+01
   83  111 1.16131E+02
   83  112 2.00141E+02
   83  113 3.47913E+02
   83  114 7.50407E+02
   83  115 1.04123E+03
   83  116 3.65490E+03
   83  117 7.46835E+02
   83  118 1.74288E+04
   83  119 5.33351E+04
   83  120 3.81185E+05
   83  121 2.51529E+05
   83  122 6.93147E+09
   83  123 2.79827E+07
   83  124 6.93147E+09
   83  125 6.93147E+09
   84   97 9.18250E-02
   84   98 1.78370E-01
   84   99 2.50580E-01
   84  100 4.33724E-01
   84  101 3.66610E-01
   84  102 6.65974E-01
   84  103 7.12709E-01
   84  104 1.03685E+00
   84  105 5.18218E-01
   84  106 1.58362E+00
   84  107 1.47685E+00
   84  108 6.12816E+00
   84  109 6.43269E+00
   84  110 2.34324E+01
   84  111 1.43612E+01
   84  112 3.95079E+01
   84  113 2.73832E+01
   84  114 7.96837E+01
   84  115 9.07183E+01
   84  116 1.84655E+02
   84  117 2.04463E+02
   84  118 5.01478E+02
   84  119 1.63713E+02
   84  120 2.20964E+03
   84  121 7.07406E+02
   84  122 1.31998E+04
   84  123 1.39318E+03
   84  124 1.89147E+06
   84  125 5.07582E+05
   85   99 9.37433E-02
   85  100 1.40884E-01
   85  101 1.46130E-01
   85  102 2.18132E-01
   85  103 3.83409E-01
   85  104 5.38056E-01
   85  105 3.29287E-01
   85  106 1.56902E+00
   85  107 1.91184E+00
   85  108 2.48581E+00
   85  109 3.65883E+00
   85  110 4.21545E+00
   85  111 5.18301E+00
   85  112 5.63046E+00
   85  113 6.04375E+00
   85  114 5.15309E+01
   85  115 3.88078E+01
   85  116 1.44523E+02
   85  117 7.31807E+01
   85  118 5.24613E+02
   85  119 4.96943E+02
   85  120 1.94573E+03
   85  121 7.58971E+02
   85  122 2.28624E+04
   85  123 2.41193E+03
   85  124 9.27356E+05
   85  125 3.59196E+05
   85  126 2.14170E+09
   85  127 6.93147E+09
   85  128 6.93147E+09
   85  129 6.93147E+09
   85  131 6.93147E+09
   86  100 9.75974E-02
   86  101 9.58007E-02
   86  102 1.59330E-01
   86  103 2.01778E-01
   86  104 3.01173E-01
   86  105 2.62095E-01
   86  106 5.42177E-01
   86  107 5.27423E-01
   86  108 1.31235E+00
   86  109 1.67750E+00
   86  110 2.52555E+00
   86  111 3.03744E+00
   86  112 4.54677E+00
   86  113 4.19373E+00
   86  114 6.31876E+00
   86  115 7.42891E+00
   86  116 4.59578E+01
   86  117 1.04064E+01
   86  118 1.14515E+02
   86  119 1.29925E+02
   86  120 2.74378E+02
   86  121 1.45921E+02
   86  122 1.13420E+03
   86  123 2.46151E+02
   86  124 8.91402E+03
   86  125 5.76981E+04
   86  127 1.58577E+08
   86  129 6.93147E+09
   87  102 8.84046E-02
   87  103 9.55944E-02
   87  104 1.63463E-01
   87  105 2.12528E-01
   87  106 2.73038E-01
   87  107 3.03969E-01
   87  108 3.24115E-01
   87  109 4.61780E-01
   87  110 6.27920E-01
   87  111 7.41225E-01
   87  112 1.07620E+00
   87  113 1.18686E+00
   87  114 1.87959E+00
   87  115 1.80926E+00
   87  116 2.66778E+00
   87  117 2.29057E+00
   87  118 5.57584E+00
   87  119 5.97144E+00
   87  120 8.14080E+00
   87  121 7.82304E+00
   87  122 5.76736E+02
   87  123 2.13305E+02
   87  124 4.85203E+03
   87  125 1.10412E+05
   87  126 4.34503E+06
   87  127 7.62043E+05
   87  128 9.71071E+08
   87  129 6.93147E+09
   87  130 6.93147E+09
   87  131 6.93147E+09
   87  133 6.93147E+09
   87  135 3.46575E+11
   88  104 1.10910E-01
   88  105 9.71660E-02
   88  106 2.07151E-01
   88  107 2.25634E-01
   88  108 3.11906E-01
   88  109 2.40076E-01
   88  110 7.16462E-01
   88  111 8.73069E-01
   88  112 1.14910E+00
   88  113 1.44386E+00
   88  114 1.96048E+00
   88  115 2.31188E+00
   88  116 3.57418E+00
   88  117 3.04222E+00
   88  118 9.83276E+00
   88  119 8.13262E+00
   88  120 2.38055E+01
   88  121 2.57711E+01
   88  122 1.52980E+02
   88  123 3.36425E+01
   88  124 1.03971E+03
   88  125 2.89894E+03
   88  126 6.93147E+09
   88  127 1.05223E+05
   88  128 6.93147E+09
   88  129 4.08761E+04
   88  131 1.04338E+04
   89  106 1.20511E-01
   89  107 1.42737E-01
   89  108 1.83116E-01
   89  109 2.55512E-01
   89  110 3.49767E-01
   89  111 5.21940E-01
   89  112 6.72095E-01
   89  113 6.89236E-01
   89  114 9.76038E-01
   89  115 1.29435E+00
   89  116 1.86427E+00
   89  117 1.74966E+00
   89  118 2.56074E+00
   89  119 2.70266E+00
   89  120 9.13666E+00
   89  121 1.12539E+01
   89  122 5.76299E+00
   89  123 3.69795E+00
   89  124 1.71350E+02
   89  125 1.92172E+03
   89  126 7.70774E+06
   89  127 5.86441E+04
   89  128 2.75931E+07
   89  129 1.51840E+04
   89  130 2.06620E+07
   89  131 7.59341E+02
   89  132 3.97542E+04
   89  133 2.02805E+04
   89  134 5.27620E+05
   89  135 9.46488E+05
   89  137 6.93147E+09
   90  108 1.15517E-01
   90  109 1.30981E-01
   90  110 2.97521E-01
   90  111 2.81754E-01
   90  112 3.87855E-01
   90  113 4.76594E-01
   90  114 6.51698E-01
   90  115 7.60292E-01
   90  116 1.11328E+00
   90  117 1.16109E+00
   90  118 1.97511E+00
   90  119 1.54461E+00
   90  120 2.69337E+00
   90  121 4.77647E+00
   90  122 1.50462E+01
   90  123 6.01265E+00
   90  124 1.94328E+01
   90  125 5.89735E+01
   90  126 1.85759E+03
   90  127 4.41246E+02
   90  128 3.69263E+02
   90  129 8.10374E+02
   90  130 3.11331E+03
   90  131 1.18984E+02
   90  132 3.60544E+03
   90  133 2.31866E+04
   90  135 1.06262E+06
   91  109 9.57223E-02
   91  110 1.93918E-01
   91  111 2.09683E-01
   91  112 2.53613E-01
   91  113 3.18870E-01
   91  114 3.77050E-01
   91  115 3.65452E-01
   91  116 7.23796E-01
   91  117 7.46227E-01
   91  118 1.22777E+00
   91  119 1.20222E+00
   91  120 1.76673E+00
   91  121 3.43145E+00
   91  122 6.08260E+00
   91  123 4.22291E+00
   91  124 2.69652E+00
   91  125 3.10818E+01
   91  126 9.71729E+01
   91  127 9.03500E+01
   91  128 1.76683E+02
   91  129 5.28219E+01
   91  130 2.11703E+01
   91  131 1.74360E+01
   91  132 5.66636E+01
   91  133 2.00294E+02
   91  134 3.10625E+02
   91  135 1.33731E+03
   91  136 2.31538E+03
   91  137 1.03929E+03
   91  138 8.22879E+04
   91  139 6.93147E+09
   91  141 2.13449E+05
   92  111 1.10858E-01
   92  112 1.55155E-01
   92  113 2.37863E-01
   92  114 3.39405E-01
   92  115 3.70366E-01
   92  116 5.56973E-01
   92  117 4.02522E-01
   92  118 6.76017E-01
   92  119 6.01052E-01
   92  120 9.18689E-01
   92  121 1.39310E+00
   92  122 2.76968E+00
   92  123 1.71822E+00
   92  124 4.05317E+00
   92  125 6.62003E+00
   92  126 1.66433E+01
   92  127 1.74016E+01
   92  128 5.74520E+01
   92  129 3.00914E+02
   92  130 1.12349E+01
   92  131 2.29498E+01
   92  132 1.30276E+02
   92  133 2.11926E+02
   92  134 5.98908E+02
   92  135 2.77095E+04
   92  136 2.74871E+04
   92  137 9.37744E+02
   92  139 9.94475E+10
   93  113 1.94974E-01
   93  114 2.50585E-01
   93  115 1.96625E-01
   93  116 2.74445E-01
   93  117 2.12120E-01
   93  118 5.45028E-01
   93  119 5.09605E-01
   93  120 6.74389E-01
   93  121 1.02458E+00
   93  122 8.62489E-01
   93  123 6.72172E-01
   93  124 2.33352E+00
   93  125 1.31421E+00
   93  126 3.86940E+00
   93  127 2.38375E+00
   93  128 4.34549E+00
   93  129 5.91494E+00
   93  130 1.73156E+01
   93  131 1.19541E+01
   93  132 9.63431E+00
   93  133 1.85896E+01
   93  134 2.46910E+01
   93  135 4.44974E+01
   93  136 5.04503E+01
   93  137 5.11309E+01
   93  138 1.50780E+02
   93  139 5.87802E+02
   93  140 1.24989E+03
   93  141 6.44721E+02
   93  142 1.52729E+06
   93  143 6.93147E+09
   93  145 6.93147E+09
   94  115 1.49716E-01
   94  116 2.24554E-01
   94  117 1.82296E-01
   94  118 3.02389E-01
   94  119 2.68434E-01
   94  120 3.55771E-01
   94  121 4.66812E-01
   94  122 8.38177E-01
   94  123 7.69928E-01
   94  124 1.13484E+00
   94  125 1.71893E+00
   94  126 3.33395E+00
   94  127 3.20705E+00
   94  128 4.73264E+00
   94  129 3.09825E+00
   94  130 5.97506E+00
   94  131 6.08360E+00
   94  132 1.94684E+01
   94  133 2.95557E+01
   94  134 4.73796E+01
   94  135 9.35705E+01
   94  136 1.42128E+02
   94  137 1.15541E+02
   94  138 9.55610E+02
   94  139 1.06255E+04
   94  140 1.26901E+04
   94  141 3.90332E+02
   94  143 1.03007E+07
   95  117 1.14415E-01
   95  118 1.52843E-01
   95  119 1.46038E-01
   95  120 1.81513E-01
   95  121 3.62585E-01
   95  122 6.10066E-01
   95  123 5.11024E-01
   95  124 6.76926E-01
   95  125 5.37581E-01
   95  126 1.26115E+00
   95  127 2.12617E+00
   95  128 6.71400E-01
   95  129 5.23830E-01
   95  130 1.53917E+00
   95  131 7.16306E+00
   95  132 1.03807E+01
   95  133 1.78457E+01
   95  134 2.41306E+01
   95  135 4.22921E+01
   95  136 5.94971E+01
   95  137 5.30344E+01
   95  138 2.22840E+02
   95  139 1.05885E+03
   95  140 3.29819E+03
   95  141 1.54431E+02
   95  142 3.66116E+04
   95  143 2.09618E+04
   95  144 2.63246E+05
   95  145 6.93147E+09
   95  147 6.93147E+09
   95  149 6.93147E+09
   96  119 1.29807E-01
   96  120 1.62887E-01
   96  121 1.84728E-01
   96  122 3.30058E-01
   96  123 2.64042E-01
   96  124 3.67169E-01
   96  125 5.63957E-01
   96  126 1.11917E+00
   96  127 9.62697E-01
   96  128 1.50922E+00
   96  129 5.33702E-01
   96  130 1.83640E+00
   96  131 1.40757E+00
   96  132 4.07715E+00
   96  133 6.19947E+00
   96  134 7.87947E+00
   96  135 1.25848E+01
   96  136 1.73174E+01
   96  137 1.77259E+01
   96  138 4.30442E+01
   96  139 1.10656E+02
   96  140 2.01922E+02
   96  141 2.97592E+01
   96  142 1.30584E+03
   96  143 4.90487E+04
   96  144 1.27849E+07
   96  145 1.67087E+07
   96  147 6.93147E+09
   97  121 1.49331E-01
   97  122 1.73883E-01
   97  123 1.51771E-01
   97  124 1.82719E-01
   97  125 4.09153E-01
   97  126 5.40024E-01
   97  127 5.92457E-01
   97  128 7.70894E-01
   97  129 4.01823E-01
   97  130 1.69010E+00
   97  131 2.81924E+00
   97  132 3.12044E+00
   97  133 4.10924E+00
   97  134 5.02609E+00
   97  135 8.03678E+00
   97  136 1.01052E+01
   97  137 1.10368E+01
   97  138 2.28485E+01
   97  139 5.17802E+01
   97  140 8.21114E+01
   97  141 1.68646E+01
   97  142 6.44659E+02
   97  143 4.94882E+03
   97  144 2.35031E+04
   97  145 2.06509E+04
   97  146 2.27246E+05
   97  147 2.18726E+04
   97  148 6.93147E+09
   97  149 6.93147E+09
   97  151 6.93147E+09
   98  123 1.20430E-01
   98  124 1.58101E-01
   98  125 2.02974E-01
   98  126 4.05051E-01
   98  127 2.74697E-01
   98  128 5.22674E-01
   98  129 2.31161E-01
   98  130 1.02809E+00
   98  131 1.42376E+00
   98  132 1.59153E+00
   98  133 2.21515E+00
   98  134 2.35034E+00
   98  135 3.25109E+00
   98  136 3.98782E+00
   98  137 4.80626E+00
   98  138 7.94326E+00
   98  139 1.49151E+01
   98  140 2.07204E+01
   98  141 5.61342E+00
   98  142 5.35514E+01
   98  143 1.77104E+02
   98  144 3.68860E+02
   98  145 7.59615E+02
   98  146 1.23724E+03
   98  147 6.08255E+02
   98  149 1.93875E+03
   99  125 1.15628E-01
   99  126 1.80701E-01
   99  127 1.48265E-01
   99  128 2.71515E-01
   99  129 1.40877E-01
   99  130 4.02201E-01
   99  131 5.26828E-01
   99  132 6.06089E-01
   99  133 7.55676E-01
   99  134 8.63767E-01
   99  135 1.09529E+00
   99  136 1.35470E+00
   99  137 1.95403E+00
   99  138 2.26967E+00
   99  139 3.84874E+00
   99  140 4.89947E+00
   99  141 8.06540E+00
   99  142 9.88636E+00
   99  143 1.65718E+01
   99  144 1.84580E+01
   99  145 1.62635E+02
   99  146 4.12009E+02
   99  147 2.70932E+02
   99  148 1.39746E+03
   99  149 2.58898E+02
   99  150 2.09120E+06
   99  151 6.93147E+09
   99  152 6.93147E+09
   99  153 6.93147E+09
   99  155 6.93147E+09
  100  126 1.64308E-01
  100  127 1.17712E-01
  100  128 2.10310E-01
  100  129 9.35160E-02
  100  130 3.93920E-01
  100  131 5.39217E-01
  100  132 6.70150E-01
  100  133 9.96557E-01
  100  134 1.03028E+00
  100  135 1.32039E+00
  100  136 1.51904E+00
  100  137 2.19202E+00
  100  138 2.63495E+00
  100  139 4.01003E+00
  100  140 5.23740E+00
  100  141 6.81648E+00
  100  142 8.91448E+00
  100  143 1.45267E+01
  100  144 1.55832E+01
  100  145 3.05368E+01
  100  146 4.80406E+01
  100  147 5.77479E+01
  100  148 1.09084E+02
  100  149 3.91576E+01
  100  150 3.71882E+03
  100  151 2.77656E+05
  100  153 1.80338E+05
  101  128 1.37693E-01
  101  129 6.45766E-02
  101  130 2.90180E-01
  101  131 3.94963E-01
  101  132 4.76911E-01
  101  133 3.26527E-01
  101  134 8.87020E-01
  101  135 1.12784E+00
  101  136 1.15390E+00
  101  137 5.94899E-01
  101  138 1.59621E+00
  101  139 2.92393E+00
  101  140 3.22877E+00
  101  141 4.55601E+00
  101  142 5.99707E+00
  101  143 9.07969E+00
  101  144 9.28677E+00
  101  145 1.30075E+01
  101  146 2.56822E+01
  101  147 3.24924E+01
  101  148 9.01148E+01
  101  149 2.20647E+01
  101  150 6.96226E+02
  101  151 4.06481E+04
  101  152 4.31257E+05
  101  153 1.24366E+04
  101  154 1.53929E+07
  101  155 6.93147E+09
  101  156 6.93147E+09
  101  157 6.93147E+09
  101  159 6.93147E+09
  101  161 6.93147E+09
  102  130 4.90834E-02
  102  131 1.56842E-01
  102  132 3.07903E-01
  102  133 4.95825E-01
  102  134 6.32898E-01
  102  135 7.92237E-01
  102  136 7.73555E-01
  102  137 3.80757E-01
  102  138 1.00172E+00
  102  139 1.37413E+00
  102  140 1.53720E+00
  102  141 1.96732E+00
  102  142 2.44840E+00
  102  143 3.51380E+00
  102  144 4.24070E+00
  102  145 4.92320E+00
  102  146 8.13636E+00
  102  147 1.13026E+01
  102  148 2.11220E+01
  102  149 6.19542E+00
  102  150 8.06124E+01
  102  151 4.28753E+02
  102  152 1.05732E+04
  102  153 9.02052E+02
  102  154 9.27172E+04
  102  155 6.93147E+09
  102  157 5.92592E+03
  103  132 1.27433E-01
  103  133 1.66363E-01
  103  134 1.83363E-01
  103  135 2.43492E-01
  103  136 2.73096E-01
  103  137 9.12419E-01
  103  138 3.34974E-01
  103  139 3.99562E-01
  103  140 4.47518E-01
  103  141 5.34225E-01
  103  142 6.18544E-01
  103  143 7.83094E-01
  103  144 9.26997E-01
  103  145 1.09521E+00
  103  146 1.49440E+00
  103  147 2.27177E+00
  103  148 3.16456E+00
  103  149 2.10734E+00
  103  150 8.53490E+00
  103  151 1.79787E+01
  103  152 3.69435E+01
  103  153 3.86044E+01
  103  154 8.41337E+01
  103  155 2.15889E+02
  103  156 1.87906E+02
  103  157 1.34371E+02
  103  158 1.17510E+03
  103  159 6.65652E+03
  103  160 3.73071E+04
  103  161 6.93147E+09
  103  163 6.93147E+09
  104  134 2.29646E-01
  104  135 3.24437E-01
  104  136 3.24067E-01
  104  137 4.27110E-01
  104  138 4.17493E-01
  104  139 5.87019E-01
  104  140 6.23352E-01
  104  141 7.04826E-01
  104  142 8.19407E-01
  104  143 1.09258E+00
  104  144 1.53772E+00
  104  145 1.61829E+00
  104  146 2.28052E+00
  104  147 3.30173E+00
  104  148 5.08350E+00
  104  149 1.67379E+00
  104  150 1.44974E+01
  104  151 3.76076E+01
  104  152 7.91727E+01
  104  153 8.25823E+01
  104  154 2.12724E+02
  104  155 1.84004E+02
  104  156 9.29592E+02
  104  157 1.33002E+02
  104  158 7.47865E+05
  104  159 1.35887E+06
  104  161 6.93147E+09
  105  136 2.31230E-01
  105  137 3.28901E-01
  105  138 3.22661E-01
  105  139 4.03837E-01
  105  140 4.26559E-01
  105  141 5.47203E-01
  105  142 6.36718E-01
  105  143 8.68367E-01
  105  144 1.00126E+00
  105  145 1.22164E+00
  105  146 1.75210E+00
  105  147 2.50606E+00
  105  148 3.69183E+00
  105  149 1.16159E+00
  105  150 8.84546E+00
  105  151 2.28816E+01
  105  152 3.76501E+01
  105  153 5.91114E+01
  105  154 9.17315E+01
  105  155 1.21427E+02
  105  156 2.84147E+02
  105  157 6.89873E+01
  105  158 2.08458E+03
  105  159 1.69085E+04
  105  160 2.99602E+08
  105  161 6.05686E+05
  105  162 6.93147E+09
  105  163 6.93147E+09
  105  165 6.93147E+09
  105  167 6.93147E+09
  105  169 6.93147E+09
  106  138 2.23546E-01
  106  139 2.32552E-01
  106  140 2.66875E-01
  106  141 3.10718E-01
  106  142 3.51873E-01
  106  143 4.59725E-01
  106  144 5.40792E-01
  106  145 6.50260E-01
  106  146 9.45002E-01
  106  147 1.33524E+00
  106  148 1.91636E+00
  106  149 2.61429E+00
  106  150 4.40368E+00
  106  151 8.25488E+00
  106  152 1.16324E+01
  106  153 1.90727E+01
  106  154 2.20456E+01
  106  155 3.15621E+01
  106  156 4.92711E+01
  106  157 1.74682E+01
  106  158 1.78723E+02
  106  159 5.76889E+02
  106  160 5.33166E+03
  106  161 6.81969E+03
  106  163 6.93147E+09
  106  165 6.93147E+09
  107  140 2.18145E-01
  107  141 2.45867E-01
  107  142 2.88927E-01
  107  143 3.75532E-01
  107  144 4.65759E-01
  107  145 6.04274E-01
  107  146 7.36396E-01
  107  147 1.02550E+00
  107  148 1.49722E+00
  107  149 1.76018E+00
  107  150 3.05703E+00
  107  151 5.44119E+00
  107  152 6.87390E+00
  107  153 1.02206E+01
  107  154 1.33457E+01
  107  155 1.89551E+01
  107  156 2.98886E+01
  107  157 1.09886E+01
  107  158 7.86199E+01
  107  159 1.75859E+02
  107  160 5.21450E+02
  107  161 1.07088E+03
  107  162 2.23901E+05
  107  163 1.16509E+06
  107  164 1.99695E+08
  107  165 6.45674E+10
  107  166 6.93147E+09
  107  167 6.93147E+09
  107  168 2.83551E+04
  107  169 6.93147E+09
  107  171 6.93147E+09
  107  173 6.93147E+09
  108  142 1.72505E-01
  108  143 2.03083E-01
  108  144 2.42658E-01
  108  145 3.08908E-01
  108  146 4.12746E-01
  108  147 5.30490E-01
  108  148 7.03730E-01
  108  149 8.47396E-01
  108  150 1.42091E+00
  108  151 1.70324E+00
  108  152 2.17573E+00
  108  153 3.06761E+00
  108  154 3.74354E+00
  108  155 5.11975E+00
  108  156 6.88361E+00
  108  157 2.96695E+00
  108  158 1.63347E+01
  108  159 3.81274E+01
  108  160 6.70223E+01
  108  161 1.86796E+02
  108  162 1.74018E+03
  108  163 7.52869E+04
  108  164 6.93147E+09
  108  165 9.95969E+07
  108  167 6.93147E+09
  108  169 6.93147E+09
  109  144 1.22118E-01
  109  145 1.38444E-01
  109  146 1.58199E-01
  109  147 1.80012E-01
  109  148 2.32305E-01
  109  149 2.46275E-01
  109  150 3.10633E-01
  109  151 3.83967E-01
  109  152 4.41705E-01
  109  153 5.42080E-01
  109  154 6.56108E-01
  109  155 1.03572E+00
  109  156 1.24390E+00
  109  157 9.03618E-01
  109  158 2.64297E+00
  109  159 5.63229E+00
  109  160 7.23647E+00
  109  161 1.91827E+01
  109  162 3.93429E+01
  109  163 1.17817E+02
  109  164 2.09040E+02
  109  165 3.66324E+02
  109  166 5.39564E+02
  109  167 1.07479E+03
  109  168 1.62590E+09
  109  169 6.93147E+09
  109  170 2.90970E+05
  109  171 6.93147E+09
  109  172 6.93147E+09
  109  173 6.93147E+09
  109  174 6.93147E+09
  109  175 6.93147E+09
  109  177 6.93147E+09
  110  146 1.95737E-01
  110  147 2.31293E-01
  110  148 2.83470E-01
  110  149 3.18669E-01
  110  150 4.02009E-01
  110  151 5.07954E-01
  110  152 7.27728E-01
  110  153 8.47431E-01
  110  154 9.84672E-01
  110  155 1.40529E+00
  110  156 1.68885E+00
  110  157 3.29831E+00
  110  158 3.86856E+00
  110  159 7.34609E+00
  110  160 1.20852E+01
  110  161 2.13262E+01
  110  162 5.59646E+01
  110  163 1.85821E+02
  110  164 4.60823E+02
  110  165 6.00876E+02
  110  166 1.02538E+03
  110  167 1.61617E+02
  110  168 5.15728E+03
  110  169 6.93147E+09
  110  170 6.93147E+09
  110  171 6.93147E+09
  110  173 6.93147E+09
  111  148 2.20865E-01
  111  149 2.58863E-01
  111  150 3.51295E-01
  111  151 4.28039E-01
  111  152 5.52926E-01
  111  153 6.12473E-01
  111  154 7.37293E-01
  111  155 4.94941E-01
  111  156 1.35715E+00
  111  157 2.34615E+00
  111  158 2.78003E+00
  111  159 5.21738E+00
  111  160 7.92810E+00
  111  161 1.27573E+01
  111  162 2.57228E+01
  111  163 5.57557E+01
  111  164 9.37331E+01
  111  165 1.19100E+02
  111  166 3.02027E+02
  111  167 5.36798E+01
  111  168 6.06352E+02
  111  169 2.28216E+02
  111  170 6.28707E+02
  111  171 7.03606E+03
  111  172 6.43909E+03
  111  173 6.93147E+09
  111  174 6.93147E+09
  111  175 6.93147E+09
  111  176 6.93147E+09
  111  177 6.93147E+09
  111  179 6.93147E+09
  112  150 1.88840E-01
  112  151 2.41587E-01
  112  152 2.76865E-01
  112  153 3.51081E-01
  112  154 4.25044E-01
  112  155 2.83133E-01
  112  156 7.41734E-01
  112  157 1.25132E+00
  112  158 1.52620E+00
  112  159 2.78975E+00
  112  160 4.04564E+00
  112  161 6.19524E+00
  112  162 1.32005E+01
  112  163 2.78570E+01
  112  164 4.59102E+01
  112  165 5.00416E+01
  112  166 3.08707E+01
  112  167 1.30934E+01
  112  168 1.38822E+03
  112  169 1.60047E+03
  112  170 3.08651E+06
  112  171 1.96314E+04
  112  172 6.93147E+09
  112  173 5.14135E+04
  112  174 6.93147E+09
  112  175 6.93147E+09
  112  177 6.93147E+09
  113  153 2.66182E-01
  113  154 3.31437E-01
  113  155 4.90050E-01
  113  156 6.14963E-01
  113  157 1.03306E+00
  113  158 1.26080E+00
  113  159 2.12601E+00
  113  160 3.04226E+00
  113  161 4.71185E+00
  113  162 8.21876E+00
  113  163 1.45117E+01
  113  164 1.89669E+01
  113  165 2.32682E+01
  113  166 1.95930E+01
  113  167 9.42922E+02
  113  168 7.10618E+03
  113  169 1.47211E+03
  113  170 2.33714E+07
  113  171 7.90641E+03
  113  172 4.09400E+07
  113  173 8.28315E+03
  113  174 1.87300E+10
  113  175 1.31576E+06
  113  176 6.93147E+09
  113  177 2.69006E+04
  113  178 6.93147E+09
  113  179 6.93147E+09
  113  180 6.93147E+09
  113  181 6.93147E+09
  113  183 6.93147E+09
  114  155 2.98897E-01
  114  156 4.25086E-01
  114  157 6.39707E-01
  114  158 8.30912E-01
  114  159 1.20398E+00
  114  160 1.70453E+00
  114  161 2.12043E+00
  114  162 4.29778E+00
  114  163 5.17553E+00
  114  164 7.38816E+00
  114  165 8.30670E+02
  114  166 2.55952E+02
  114  167 6.10235E+02
  114  168 4.54036E+03
  114  169 1.48705E+03
  114  170 3.50104E+07
  114  171 2.06660E+02
  114  172 7.82221E+02
  114  173 1.58218E+03
  114  174 6.93147E+09
  114  175 5.13567E+03
  114  176 6.93147E+09
  114  177 4.28398E+04
  114  179 6.93147E+09
  115  157 5.07291E-01
  115  158 5.94529E-01
  115  159 9.17084E-01
  115  160 1.32495E+00
  115  161 1.56750E+00
  115  162 2.72130E+00
  115  163 3.47914E+00
  115  164 1.56165E+01
  115  165 4.37905E+01
  115  166 6.71163E+01
  115  167 1.57940E+02
  115  168 3.81587E+02
  115  169 3.91629E+02
  115  170 2.18396E+03
  115  171 2.14054E+03
  115  172 4.04654E+02
  115  173 3.94599E+02
  115  174 2.20354E+05
  115  175 4.47731E+02
  115  176 5.27984E+04
  115  177 1.17337E+03
  115  178 2.17699E+07
  115  179 1.02411E+08
  115  180 6.93147E+09
  115  181 6.93147E+09
  115  182 6.93147E+09
  115  183 6.93147E+09
  115  185 1.44437E+08
  115  187 1.06959E+09
  115  189 3.77351E+10
  116  159 4.27796E-01
  116  160 5.90544E-01
  116  161 6.53312E-01
  116  162 1.03698E+00
  116  163 9.08514E-01
  116  164 9.24473E+00
  116  165 1.94652E+01
  116  166 2.94324E+01
  116  167 6.15706E+01
  116  168 8.80432E+01
  116  169 1.20409E+02
  116  170 2.43167E+02
  116  171 6.04288E+02
  116  172 8.81885E+01
  116  173 5.53712E+02
  116  174 1.33198E+04
  116  175 5.91343E+03
  116  176 6.72707E+03
  116  177 5.90836E+02
  116  178 6.93147E+09
  116  179 4.35400E+08
  116  180 6.93147E+09
  116  181 6.93147E+09
  116  182 6.93147E+09
  116  183 6.93147E+09
  116  185 6.93147E+09
  116  187 3.53339E+12
  117  161 4.32416E-01
  117  162 2.12016E+00
  117  163 5.49509E-01
  117  164 5.07914E+00
  117  165 1.27008E+01
  117  166 1.40630E+01
  117  167 2.53718E+01
  117  168 4.36020E+01
  117  169 4.77415E+01
  117  170 1.09796E+02
  117  171 2.48710E+02
  117  172 4.88077E+02
  117  173 3.25546E+02
  117  174 1.90487E+03
  117  175 1.23154E+03
  117  176 8.37886E+02
  117  177 1.62175E+02
  117  178 1.08059E+04
  117  179 2.02002E+05
  117  180 1.15875E+07
  117  181 1.70432E+07
  117  182 1.44042E+07
  117  183 3.84688E+07
  117  184 1.66235E+08
  117  185 7.13541E+07
  117  186 2.00310E+09
  117  187 1.14771E+08
  117  188 1.19215E+14
  117  189 2.21861E+08
  117  191 1.42874E+07
  117  193 2.82642E+07
  117  194 4.70579E+07
  117  195 6.93147E+09
  117  197 1.73260E+06
  118  163 2.59414E-01
  118  164 4.03152E+00
  118  165 6.49255E+00
  118  166 9.20916E+00
  118  167 9.96677E+00
  118  168 1.30317E+01
  118  169 8.40510E+00
  118  170 3.09034E+01
  118  171 4.64821E+01
  118  172 9.55098E+00
  118  173 7.58354E+01
  118  174 2.67147E+02
  118  175 3.81695E+02
  118  176 1.22607E+02
  118  177 6.60928E+01
  118  178 1.27769E+02
  118  179 8.82465E+04
  118  180 6.93147E+09
  118  181 7.55930E+06
  118  182 6.93147E+09
  118  183 5.91774E+08
  118  184 6.93147E+09
  118  185 6.93147E+09
  118  187 1.12030E+08
  118  189 3.38813E+08
  118  191 1.61294E+06
  119  165 3.72663E+00
  119  166 3.62844E+00
  119  167 5.75846E+00
  119  168 4.45208E+00
  119  169 5.82437E+00
  119  170 1.28438E+01
  119  171 2.19674E+01
  119  172 4.10871E+01
  119  173 2.70027E+01
  119  174 7.38422E+01
  119  175 8.08833E+01
  119  176 1.13192E+02
  119  177 2.82857E+01
  119  178 7.09972E+01
  119  179 3.49376E+03
  119  180 5.27103E+05
  119  181 1.19976E+06
  119  182 3.35085E+06
  119  183 4.26822E+06
  119  184 8.95147E+06
  119  185 2.24290E+04
  119  186 8.73365E+06
  119  187 1.26824E+06
  119  188 9.46757E+06
  119  189 1.93370E+06
  119  190 1.75770E+07
  119  191 6.11694E+08
  119  192 8.30527E+07
  119  193 6.93147E+09
  119  194 1.42942E+01
  119  195 6.93147E+09
  119  199 2.61460E+05
  120  167 1.32418E+00
  120  168 1.40865E+00
  120  169 1.40148E+00
  120  170 1.64854E+00
  120  171 1.00680E+00
  120  172 1.04826E+00
  120  173 5.69732E+00
  120  174 1.24889E+01
  120  175 1.52487E+01
  120  176 8.49396E+00
  120  177 9.52909E+00
  120  178 1.20269E+01
  120  179 1.15849E+02
  120  180 1.88613E+03
  120  181 2.15041E+04
  120  182 3.65990E+04
  120  183 1.71929E+06
  120  184 6.93147E+09
  120  185 1.66408E+03
  120  186 6.93147E+09
  120  187 3.00952E+03
  120  188 6.93147E+09
  120  189 1.76275E+04
  120  190 6.93147E+09
  120  191 3.72447E+05
  120  193 6.93147E+09
  120  194 4.92680E+00
  120  195 1.42029E+07
  121  169 5.86009E-01
  121  170 7.54394E-01
  121  171 7.79759E-01
  121  172 7.69597E-01
  121  173 1.44828E+00
  121  174 7.48261E+00
  121  175 1.01315E+01
  121  176 6.61962E+00
  121  177 6.55249E+00
  121  178 1.13892E+01
  121  179 6.93068E+01
  121  180 2.52211E+02
  121  181 7.75195E+02
  121  182 1.24120E+03
  121  183 1.39606E+05
  121  184 9.16079E+05
  121  185 8.17056E+03
  121  186 1.92294E+06
  121  187 1.58190E+03
  121  188 2.11440E+06
  121  189 8.85926E+03
  121  190 2.81320E+06
  121  191 2.55424E+05
  121  192 4.92336E+06
  121  193 7.79897E+06
  121  194 3.14132E+00
  121  195 1.20792E+04
  121  196 1.64399E+04
  121  197 6.70852E+02
  121  199 6.93147E+09
  121  201 6.93147E+09
  121  203 6.93147E+09
  122  172 3.23984E-01
  122  173 4.58049E-01
  122  174 5.16771E-01
  122  175 1.96529E+00
  122  176 1.64999E+00
  122  177 1.59748E+00
  122  178 1.02050E+01
  122  179 1.57741E+01
  122  180 3.51047E+00
  122  181 1.91044E+01
  122  182 1.79889E+01
  122  183 2.96860E+01
  122  184 2.23393E+02
  122  185 7.49099E+01
  122  186 6.88885E+01
  122  187 3.36618E+02
  122  188 9.74932E+01
  122  189 4.69594E+02
  122  190 1.68827E+04
  122  191 5.50746E+02
  122  192 6.93147E+09
  122  193 1.70772E+04
  122  194 1.20392E+00
  122  195 2.70374E+04
  122  197 5.03982E+03
  123  174 4.50625E-01
  123  175 8.08494E-01
  123  176 1.00730E+00
  123  177 9.86992E-01
  123  178 6.54754E-01
  123  179 1.13477E+00
  123  180 2.26115E+00
  123  181 1.17603E+01
  123  182 1.17263E+01
  123  183 1.78212E+01
  123  184 3.99546E+01
  123  185 4.14213E+01
  123  186 2.56102E+01
  123  187 2.56187E+02
  123  188 4.76136E+01
  123  189 3.32315E+02
  123  190 6.33011E+02
  123  191 4.68001E+02
  123  192 4.63656E+05
  123  193 7.34160E+02
  123  194 8.41222E-01
  123  195 8.22217E+01
  123  196 9.09818E+01
  123  197 6.84282E+02
  123  198 1.21740E+03
  123  200 8.72141E+05
  123  201 6.93147E+09
  123  202 6.93147E+09
  123  203 6.93147E+09
  123  205 6.93147E+09
  123  207 6.93147E+09
  124  176 1.00850E+00
  124  177 8.18730E-01
  124  178 7.80438E-01
  124  179 1.14655E+00
  124  180 4.28643E+00
  124  181 1.02601E+01
  124  182 2.48237E+00
  124  183 3.34800E+00
  124  184 4.69626E+00
  124  185 6.12389E+00
  124  186 3.95882E+00
  124  187 1.48547E+01
  124  188 5.67528E+00
  124  189 3.04636E+01
  124  190 1.36542E+01
  124  191 8.02312E+01
  124  192 3.96197E+01
  124  194 1.85307E+02
  124  195 3.87006E+02
  124  196 7.25266E+02
  124  197 4.30988E+02
  124  198 9.03009E+04
  124  201 6.93147E+09
  124  203 6.93147E+09
  125  178 3.54978E-01
  125  179 6.49333E-01
  125  180 6.57949E-01
  125  181 2.01516E+00
  125  182 1.94157E+00
  125  183 2.54536E+00
  125  184 2.83893E+00
  125  185 3.97945E+00
  125  186 2.38519E+00
  125  187 8.05681E+00
  125  188 4.13859E+00
  125  189 1.87333E+01
  125  190 8.70293E+00
  125  191 3.06574E+01
  125  192 3.46503E-01
  125  193 1.13812E+01
  125  194 6.13423E+01
  125  195 8.06794E+01
  125  196 1.17256E+02
  125  197 1.83570E+02
  125  198 6.86714E+02
  125  199 9.53980E+01
  125  201 5.61797E+02
  125  203 8.13735E+04
  125  204 6.45669E+03
  125  205 6.50536E+02
  125  206 1.35311E+05
  125  207 6.93147E+09
  125  209 6.93147E+09
  125  211 6.93147E+09
  125  213 6.93147E+09
  126  180 1.04745E+01
  126  181 7.21023E+01
  126  182 6.70822E-01
  126  183 8.61325E-01
  126  184 1.03782E+00
  126  185 1.59130E+00
  126  186 1.08032E+00
  126  187 2.08983E+00
  126  188 1.19765E+00
  126  189 3.13284E+00
  126  190 1.95648E+00
  126  191 5.05271E+00
  126  192 1.23798E-01
  126  193 9.23977E+00
  126  194 7.06586E+00
  126  195 3.89267E+01
  126  196 5.30651E+01
  126  197 6.91478E+01
  126  198 2.02980E+02
  126  199 5.38852E+01
  126  201 8.95565E+00
  126  202 3.98233E+05
  126  203 7.11532E+04
  126  205 7.61028E+03
  126  207 4.90310E+06
  127  183 6.63351E-01
  127  184 7.20967E-01
  127  185 1.02280E+00
  127  186 8.22480E-01
  127  187 1.75585E+00
  127  188 1.07883E+00
  127  189 2.35385E+00
  127  190 1.72087E+00
  127  192 2.10095E+01
  127  193 2.44221E+01
  127  194 3.67840E+00
  127  195 1.89422E+01
  127  196 2.63546E+01
  127  197 3.58228E+01
  127  198 8.06331E+01
  127  199 3.24718E+01
  127  203 4.14944E+03
  127  204 6.22179E+03
  127  205 1.67099E+03
  127  206 2.99877E+03
  127  207 7.63813E+03
  127  208 1.95021E+04
  127  209 2.16496E+05
  127  210 4.68006E+05
  127  211 6.00783E+04
  128  185 4.27514E-01
  128  186 3.44836E-01
  128  187 6.28418E-01
  128  188 4.29173E-01
  128  189 9.15079E-01
  128  190 2.53485E-02
  128  191 7.25559E+00
  128  192 9.99879E+00
  128  193 1.34069E+01
  128  194 2.47706E+00
  128  195 1.99245E+00
  128  196 1.16904E+01
  128  197 1.52845E+01
  128  198 2.89599E+01
  128  199 1.51890E+01
  128  200 1.00105E+02
  128  201 3.92011E+02
  128  203 8.32496E+02
  128  204 2.56926E+03
  128  205 7.12129E+02
  128  206 2.65243E+04
  128  207 3.97142E+03
  128  209 5.96600E+03
  128  211 1.97912E+05
  129  187 5.82792E-01
  129  188 3.96717E-01
  129  190 1.17854E+00
  129  191 1.65339E+00
  129  192 1.91350E+00
  129  193 6.62947E+00
  129  194 9.46259E+00
  129  195 1.25099E+00
  129  196 6.07297E+00
  129  197 7.66002E+00
  129  198 1.10983E+01
  129  199 8.02632E+00
  129  200 2.57840E+01
  129  201 4.96245E+01
  129  203 1.93771E+02
  129  204 2.92660E+02
  129  205 2.63579E+02
  129  206 6.37927E+02
  129  207 3.81325E+02
  129  208 6.27124E+03
  129  209 1.06894E+03
  129  210 1.49725E+04
  130  189 1.22387E-02
  130  190 1.09662E-02
  130  191 1.98623E+00
  130  192 2.56935E+00
  130  193 3.06961E+00
  130  194 4.66646E+00
  130  195 1.86222E+00
  130  196 3.53882E+00
  130  197 4.58728E+00
  130  198 6.42658E+00
  130  199 4.41875E+00
  130  200 1.35775E+01
  130  201 9.28225E-01
  130  203 6.45805E+01
  130  204 9.05888E+01
  130  205 7.88597E+01
  130  206 1.79532E+02
  130  207 1.95349E+03
  130  208 9.37704E+03
  130  209 4.38629E+02
  131  192 1.05645E+00
  131  193 1.12749E+00
  131  194 2.98996E-01
  131  195 1.42026E+00
  131  196 2.52000E+00
  131  197 3.18469E+00
  131  198 4.39880E+00
  131  199 3.25312E+00
  131  201 1.53049E+01
  131  203 3.10905E+01
  131  204 3.50800E+01
  131  205 4.34524E+01
  131  206 1.74748E+02
  131  207 4.86908E+02
  131  208 1.08878E+03
  132  194 2.88373E-01
  132  195 8.11862E-01
  132  196 1.47893E+00
  132  197 1.81291E+00
  132  198 2.33643E+00
  132  199 1.80745E+00
  132  200 4.28324E+00
  132  201 4.06306E-01
  132  202 8.70698E+00
  132  203 1.58199E+01
  132  204 1.56895E+01
  132  205 1.15535E+01
  132  206 1.80487E+01
  132  207 1.70019E+02
  133  196 1.11065E+00
  133  197 1.39308E+00
  133  198 1.75968E+00
  133  199 1.41027E+00
  133  200 4.33066E+00
  133  201 5.04404E+00
  133  202 4.68800E+00
  133  203 9.93389E+00
  133  204 1.20279E+01
  133  205 1.16535E+01
  133  206 1.59660E+01
  134  198 3.93277E-01
  134  199 2.17536E+01
  134  200 8.09954E+01
  134  201 8.30252E+01
  134  202 8.49945E+01
  134  203 1.76835E+02
  134  204 3.69644E+02
  134  205 1.04759E+02
  135  201 2.15233E+01
  135  202 2.64569E+01
  135  203 6.84569E+01
  135  204 9.90055E+01
  136  203 3.77247E+01
